data/UserDefined/bathy.asc
NCOLS 400 
NROWS 400 
XLLCORNER 3976618.40818195 
YLLCORNER 3363922.87082193 
CELLSIZE 400 
NODATA_value -9999 
[rows 150 to 174 of 400, columns 336 to 391 of 400]
35 35 35 34.7517776489258 34.4334411621094 34.2234001159668 34.051097869873 34.3451347351074 34.8357734680176 35.114631652832 35.2869338989258 35.3511810302734 35.3511810302734 35.3511810302734 35.3511810302734 35.3511810302734 35.3511810302734 35.2628479003906 35.0905456542969 34.7671928405762 34.276554107666 34 34 34.1953659057617 34.6860046386719 35.0620346069336 35.2343368530273 35.2957229614258 35.1234169006348 34.9096832275391 34.5913467407227 34.4293518066406 34.747688293457 35.0357360839844 35.2080383300781 35.4050559997559 35.7233924865723 35.9356842041016 35.4450454711914 35 35 35 35 34.9918479919434 34.5012092590332 34.010570526123 34 34 34.1620178222656 34.3343200683594 35.0809936523438 35.8899688720703 35.7249603271484 35.406623840332 35.2088890075684 35.0365829467773
35 35 35 34.6174240112305 34.126781463623 34 34 34.2911529541016 34.7050476074219 34.8946418762207 34.9713859558105 35 35 35 35 35 35 35 35 34.7671928405762 34.276554107666 34 34 34.1648063659668 34.5787048339844 34.8712158203125 34.9479598999023 35 35 34.8607978820801 34.3701591491699 34.1204795837402 34.6111183166504 35 35 35.0830383300781 35.5736770629883 35.9356842041016 35.4450454711914 35 35 35 35 34.9918479919434 34.5012092590332 34.010570526123 33.9249114990234 33.8481712341309 33.9157485961914 33.992488861084 34.7467918395996 35.5745849609375 35.3295745849609 34.9156761169434 34.8435897827148 34.8435897827148
35 35 35 34.6174240112305 34.126781463623 34 34 34.1159629821777 34.2808151245117 34.552734375 34.8785209655762 35 35 35 35 35 35 35 35 34.7671928405762 34.276554107666 34 34 34.0656433105469 34.2304954528809 34.4532852172852 34.7790756225586 35 35 34.8607978820801 34.3701591491699 34.1204795837402 34.6111183166504 35 35 35.0830383300781 35.5736770629883 35.9356842041016 35.4450454711914 35 35 35 35 34.9918479919434 34.5012092590332 34.010570526123 33.6812324523926 33.3554420471191 33.642333984375 33.9681205749512 34.2974395751953 34.6271476745605 34.5295600891113 34.3647079467773 34.335994720459 34.335994720459
35 35 35 34.6174240112305 34.126781463623 34 34 34 34 34.2704010009766 34.6768493652344 34.8812026977539 34.9653930664062 35 35 35 35 35 35 34.7671928405762 34.276554107666 34 34 34 34 34.1463317871094 34.5527801513672 34.8554992675781 34.9396934509277 34.8607978820801 34.3701591491699 34.0998039245605 34.5062522888184 34.8458633422852 34.9300575256348 35.0687866210938 35.4752349853516 35.7751235961914 35.3686752319336 34.9921760559082 34.9079818725586 34.8283996582031 34.8283996582031 34.8202476501465 34.3296089172363 33.8389701843262 33.4307098388672 33.0242652893066 33.3821830749512 33.7886276245117 33.904354095459 33.9885482788086 34 34 34 34
35 35 35 34.6174240112305 34.126781463623 34 34 34 34 34.1047172546387 34.2621154785156 34.5297889709473 34.8630294799805 35 35 35 35 35 35 34.7671928405762 34.276554107666 34 34 34 34 34.0566673278809 34.2140693664551 34.4280662536621 34.7613067626953 34.8607978820801 34.3701591491699 34.0386505126953 34.1960525512695 34.3899230957031 34.7231597900391 35.0266380310059 35.1840400695801 35.3001747131348 35.1427726745605 34.9690322875977 34.6357955932617 34.3208084106445 34.3208084106445 34.3126564025879 33.8220176696777 33.3313789367676 33.1667976379395 33.0093955993652 33.148006439209 33.3054046630859 33.6214370727539 33.9546737670898 34 34 34 34
35 34.9250450134277 34.8334007263184 34.5020980834961 34.1031036376953 34 34 34 34 34 34 34.3076934814453 34.7983322143555 35 35 35 35 35 35 34.810676574707 34.4116821289062 34.1467971801758 34.0551528930664 33.963508605957 33.8718643188477 33.8132133483887 33.8132133483887 33.9416389465332 34.340633392334 34.5132293701172 34.1142349243164 33.8357200622559 33.9273643493652 34.1017570495605 34.592399597168 35 35 35 35 34.9544067382812 34.4637641906738 34 34 33.9918479919434 33.5012092590332 33.010570526123 33 33 33 33 33.3599510192871 33.7589454650879 33.8132133483887 33.8132133483887 33.8132133483887 33.8132133483887
35 34.7213478088379 34.3806571960449 34.1886978149414 34.038745880127 34 34 34 34 34 34 34.3076934814453 34.7983322143555 35 35 35 35 35 35 34.9288482666016 34.7789001464844 34.5457229614258 34.2050323486328 33.8643417358398 33.5236549377441 33.3056221008301 33.3056221008301 33.3538856506348 33.5038375854492 33.5686988830566 33.4187507629395 33.3892784118652 33.7299690246582 34.1017570495605 34.592399597168 35 35 35 35 34.9544067382812 34.4637641906738 34 34 33.9918479919434 33.5012092590332 33.010570526123 33 33 33 33 33.1352767944336 33.2852249145508 33.3056221008301 33.3056221008301 33.3056221008301 33.3056221008301
35 34.5987014770508 34.1080627441406 34 34 34 34 34 34 34 34 34.3076934814453 34.7983322143555 35 35 35 35 35 35 35 35 34.7859153747559 34.2952728271484 33.8046340942383 33.3139953613281 33 33 33 33 33 33 33.1204795837402 33.6111183166504 34.0812072753906 34.4727516174316 34.8315696716309 35.0297622680664 35.1759910583496 34.9778022766113 34.7524337768555 34.2617950439453 33.7980270385742 33.7980270385742 33.7898750305176 33.2992362976074 32.8085975646973 32.7980270385742 32.7980270385742 32.7980270385742 32.7980270385742 32.7086296081543 32.6095352172852 32.5960578918457 32.5960578918457 32.7597274780273 32.9579200744629
35 34.5987014770508 34.1080627441406 34 34 34 34 34 34 34 34 34.3076934814453 34.7983322143555 35 35 35 35 35 35 35 35 34.7859153747559 34.2952728271484 33.8046340942383 33.3139953613281 33 33 33 33 33 33 33.1204795837402 33.6111183166504 34.0295524597168 34.1720542907715 34.408275604248 35.1045570373535 35.618293762207 34.9220123291016 34.2448387145996 33.7541999816895 33.2904357910156 33.2904357910156 33.282283782959 32.7916450500488 32.3010025024414 32.2904357910156 32.2904357910156 32.2904357910156 32.2904357910156 31.9763622283936 31.6282215118408 31.5808696746826 31.5808696746826 32.1558799743652 32.8521614074707
35 34.5987014770508 34.1080627441406 34 34 34 34 34 34 34 34 34.3076934814453 34.7983322143555 35 35 35 35 35 35 35 35 34.7859153747559 34.2952728271484 33.719783782959 33.0160522460938 32.6040420532227 32.7105903625488 32.7828407287598 32.7828407287598 32.8130683898926 32.9196166992188 33.1204795837402 33.6111183166504 34 34 34.1480407714844 35.0227737426758 35.6681747436523 34.7934455871582 33.9544067382812 33.4637641906738 33 33 32.9936180114746 32.6095237731934 32.2254333496094 32.0086555480957 31.7955627441406 31.7828407287598 31.7828407287598 31.5324535369873 31.2549076080322 31.2171592712402 31.2171592712402 32.027530670166 33.0088081359863
35 34.5987014770508 34.1080627441406 34 34 34 34 34 34 34 34 34.3076934814453 34.7983322143555 35 35 35 35 35 35 35 35 34.7859153747559 34.2952728271484 33.5214538574219 32.3196296691895 31.6785202026367 32.0341110229492 32.2752494812012 32.2752494812012 32.3761329650879 32.7317276000977 33.1204795837402 33.6111183166504 34 34 34.1058921813965 34.7315788269043 35.193229675293 34.5675430297852 33.9544067382812 33.4637641906738 33 33 32.9977569580078 32.8627090454102 32.7276611328125 32.0288887023926 31.3177051544189 31.2752475738525 31.2752475738525 31.4742107391357 31.6947555541992 31.7247524261475 31.7247524261475 32.5351219177246 33.5163993835449
35 34.5987014770508 34.1080627441406 34.0888900756836 34.2028884887695 34.2323455810547 34.2323455810547 34.2323455810547 34.2323455810547 34.2323455810547 34.2323455810547 34.4685478210449 34.8451881408691 35 35 35 35 35 35 35 35 34.7859153747559 34.2952728271484 33.4139060974121 31.9419860839844 31.176643371582 31.6672840118408 32 32 32.1392021179199 32.6298408508301 33.1204795837402 33.6111183166504 34 34 34.0830383300781 34.5736770629883 34.950626373291 34.5739860534668 34.1867485046387 33.6961097717285 33.2323455810547 33.2323455810547 33.2285575866699 33.000560760498 32.7725677490234 31.9190559387207 31.0517749786377 31.1071929931641 31.2211894989014 31.6749725341797 32.1656112670898 32.1338539123535 32.0198554992676 32.8103713989258 33.7916488647461
35 34.5987014770508 34.1080627441406 34.2830848693848 34.646125793457 34.7399368286133 34.7399368286133 34.7399368286133 34.7399368286133 34.7399368286133 34.7399368286133 34.8199577331543 34.9475555419922 35 35 35 35 35 35 35 35 34.7859153747559 34.2952728271484 33.4139060974121 31.9419860839844 31.176643371582 31.6672840118408 32 32 32.1392021179199 32.6298408508301 33.1204795837402 33.6111183166504 34 34 34.0830383300781 34.5736770629883 34.9832725524902 34.8556785583496 34.6943435668945 34.2037048339844 33.7399368286133 33.7399368286133 33.7278747558594 33.0017890930176 32.2757034301758 31.655143737793 31.0369071960449 31.3413696289062 31.7044124603271 32.1825675964355 32.6732063293457 32.4262733459473 32.063232421875 32.8103713989258 33.7916488647461
35 34.5987014770508 34.1080627441406 34.3825759887695 34.873218536377 35 35 35 35 35 35 35 35 35 35 35 35 35 35 35 35 34.8389053344727 34.4697151184082 33.7097969055176 32.3593254089355 31.6279830932617 31.9971733093262 32.2475318908691 32.2475318908691 32.3867340087891 32.8773727416992 33.3381881713867 33.7073783874512 34.0251884460449 34.1466369628906 34.3100166320801 34.6792068481445 35 35 34.9544067382812 34.4637641906738 34 34 33.9836959838867 33.0024185180664 32.0211372375488 31.5199298858643 31.0292911529541 31.4613494873047 31.9519882202148 32.442626953125 32.9332656860352 32.681022644043 32.3118324279785 32.9576072692871 33.8174362182617
35 34.5987014770508 34.1080627441406 34.3825759887695 34.873218536377 35 35 35 35 35 35 35 35 35 35 35 35 35 35 35 35 34.9475746154785 34.8274307250977 34.3165550231934 33.2151298522949 32.5535049438477 32.6736526489258 32.755126953125 32.755126953125 32.8943252563477 33.3849639892578 33.7846260070801 33.9047737121582 34.0768394470215 34.4473342895508 34.7754592895508 34.8956031799316 35 35 34.9544067382812 34.4637641906738 34 34 33.9836959838867 33.0024185180664 32.0211372375488 31.5199298858643 31.0292911529541 31.4613494873047 31.9519882202148 32.442626953125 32.9332656860352 32.8961944580078 32.776050567627 33.2595291137695 33.8703155517578
35 34.5987014770508 34.1080627441406 34.3825759887695 34.873218536377 35 35 35 35 35.0857543945312 35.2146530151367 35.1818809509277 35.0529823303223 35 35 35 35 35 35 35 35 35 35 34.6605949401855 33.8082160949707 33.2627182006836 33.2627182006836 33.2627182006836 33.2627182006836 33.365348815918 33.7270889282227 34 34 34.1017570495605 34.592399597168 35 35 35 35 34.9663848876953 34.6046447753906 34.2485961914062 33.9907989501953 33.7252616882324 33.001781463623 32.2783012390137 31.9087715148926 31.5470314025879 31.8655815124512 32.2273216247559 32.7053451538086 33.1959838867188 33.2627182006836 33.2627182006836 33.5614547729492 33.9231948852539
35 34.5987014770508 34.1080627441406 34.3825759887695 34.873218536377 35 35 35 35 35.2514419555664 35.6293869018555 35.5332908630371 35.155345916748 35 35 35 35 35 35 35 35 35 35 34.7597618103027 34.1564292907715 33.7703132629395 33.7703132629395 33.7703132629395 33.7703132629395 33.8022842407227 33.9149780273438 34 34 34.1017570495605 34.592399597168 35 35 35 35 34.9895286560059 34.8768348693848 34.7289085388184 33.9730186462402 33.225944519043 33.0005569458008 32.7751655578613 32.6600456237793 32.5473518371582 32.6465911865234 32.7592849731445 33.2129402160645 33.7035789489746 33.7703132629395 33.7703132629395 33.8633766174316 33.9760704040527
34.7469215393066 34.4323196411133 34.0780296325684 34.3825759887695 34.873218536377 35 35 35.0959129333496 35.2322654724121 35.4228935241699 35.6408309936523 35.4999122619629 35.145622253418 35 35 35 35 35 35 35 35 35 35 34.8046340942383 34.3139953613281 34 34 34 34 34.0386848449707 34.1750373840332 34.277904510498 34.277904510498 34.3513832092285 34.7056732177734 35.0230751037598 35.1594276428223 35.277904510498 35.277904510498 35.277904510498 35.277904510498 35.2241592407227 34.2428779602051 33.277904510498 33.277904510498 33.277904510498 33.277904510498 33.277904510498 33.277904510498 33.277904510498 33.5975227355957 33.9518127441406 34.117805480957 34.2541580200195 34.277904510498 34.277904510498
34.2846794128418 34.1284217834473 34.0231781005859 34.3825759887695 34.873218536377 35 35 35.2711029052734 35.6564979553223 35.5991172790527 35.318962097168 35.1485023498535 35.0432586669922 35 35 35 35 35 35 35 35 35 35 34.8046340942383 34.3139953613281 34 34 34 34 34.1093406677246 34.4947395324707 34.7854995727539 34.7854995727539 34.8073272705078 34.9125671386719 35.0652275085449 35.4506225585938 35.7854995727539 35.7854995727539 35.7854995727539 35.7854995727539 35.7317504882812 34.7504730224609 33.7854995727539 33.7854995727539 33.7854995727539 33.7854995727539 33.7854995727539 33.7854995727539 33.7854995727539 33.880443572998 33.9856872558594 34.3329772949219 34.718376159668 34.7854995727539 34.7854995727539
34.0893402099609 34 34 34.2704467773438 34.6172828674316 34.8135528564453 34.9573554992676 35.3451347351074 35.8357734680176 35.6735877990723 35.1829452514648 35 35 35 35 35 35 35.0737228393555 35.2175216674805 35.2930908203125 35.2930908203125 35.2303466796875 35.0865440368652 34.8618965148926 34.5150566101074 34.2930908203125 34.2930908203125 34.2468070983887 34.1030044555664 34.1392021179199 34.6298408508301 35 35 35.0298233032227 35.1736259460449 35.3517913818359 35.6986274719238 36 36 35.9866371154785 35.8428344726562 35.6610374450684 34.8235626220703 34 34 34 34.1407051086426 34.2845077514648 34.1578750610352 34.0140724182129 34 34 34.2996635437012 34.6464996337891 34.7069091796875 34.7069091796875
34.0893402099609 34 34 34.0762519836426 34.1740455627441 34.490650177002 34.8834953308105 35.3451347351074 35.8357734680176 35.6735877990723 35.1829452514648 35 35 35 35 35 35 35.2013969421387 35.5942420959473 35.8006858825684 35.8006858825684 35.6292686462402 35.2364234924316 34.9610595703125 34.8632698059082 34.8006858825684 34.8006858825684 34.6742401123047 34.2813911437988 34.1392021179199 34.6298408508301 35 35 35.0814781188965 35.4743232727051 35.8172340393066 35.9150276184082 36 36 35.963493347168 35.5706443786621 35.1670837402344 34.5786552429199 34 34 34 34.3843841552734 34.7772331237793 34.4312896728516 34.0384407043457 34 34 34.0844917297363 34.1822814941406 34.1993141174316 34.1993141174316
34.0617980957031 34 34 34 34 34.3638572692871 34.8544960021973 35.2387390136719 35.578125 35.465934753418 35.1265487670898 35 35 35 35 35 35 35.1739883422852 35.5133743286133 35.691722869873 35.691722869873 35.5436325073242 35.2042465209961 34.9397735595703 34.7885208129883 34.691722869873 34.691722869873 34.5824851989746 34.2430992126465 34.0962867736816 34.4356727600098 34.7288627624512 34.8801155090332 35.1017570495605 35.592399597168 36 36 35.9801712036133 35.8289184570312 35.646125793457 35.1554870605469 34.6731338500977 34.3337478637695 34 34 34 34.4800720214844 34.9707107543945 34.5386505126953 34.0480117797852 34 34 34 34 34 34
34.0164489746094 34 34 34 34 34.3638572692871 34.8544960021973 35.063549041748 35.1538887023926 35.1240272521973 35.0336875915527 35 35 35 35 35 35 35.046314239502 35.1366539001465 35.1841278076172 35.1841278076172 35.1447105407715 35.0543670654297 34.8406066894531 34.4403076171875 34.1841278076172 34.1841278076172 34.1550521850586 34.0647087097168 34.0256309509277 34.1159706115723 34.2824249267578 34.6827239990234 35.1017570495605 35.592399597168 36 36 35.9475250244141 35.5472259521484 35.1385345458984 34.6478958129883 34.1791801452637 34.0888404846191 34 34 34 34.4800720214844 34.9707107543945 34.5386505126953 34.0480117797852 34 34 34 34 34 34
34 34 34 34 34 34.2461624145508 34.5780944824219 34.6765365600586 34.6765365600586 34.6765365600586 34.6765365600586 34.6765365600586 34.6765365600586 34.6765365600586 34.6765365600586 34.6765365600586 34.6765365600586 34.6765365600586 34.6765365600586 34.6765365600586 34.6765365600586 34.6765365600586 34.6765365600586 34.4811706542969 33.9905319213867 33.6765365600586 33.6765365600586 33.7276191711426 33.8863220214844 34 34 34.1204795837402 34.6111183166504 35.1017570495605 35.592399597168 36 36 35.9356842041016 35.4450454711914 34.9544067382812 34.4637641906738 34 34 34 34 34 34.4800720214844 34.9707107543945 34.5386505126953 34.0480117797852 34 34 34 34 34 34
34 34 34 34 34 34.0614700317383 34.144359588623 34.1689414978027 34.1689414978027 34.1689414978027 34.1689414978027 34.1689414978027 34.1689414978027 34.1689414978027 34.1689414978027 34.1689414978027 34.1689414978027 34.1689414978027 34.1689414978027 34.1689414978027 34.1689414978027 34.1689414978027 34.1689414978027 33.973575592041 33.4829368591309 33.1689414978027 33.1689414978027 33.3001861572266 33.707935333252 34 34 34.1204795837402 34.6111183166504 35.1017570495605 35.592399597168 36 36 35.9356842041016 35.4450454711914 34.9544067382812 34.4637641906738 34 34 34 34 34 34.4800720214844 34.9707107543945 34.5386505126953 34.0480117797852 34 34 34 34 34 34
