data/UserDefined/bathy.asc
NCOLS 400 
NROWS 400 
XLLCORNER 3976618.40818195 
YLLCORNER 3363922.87082193 
CELLSIZE 400 
NODATA_value -9999 
[rows 300 to 324 of 400, columns 168 to 223 of 400]
24.1025371551514 24.2066421508789 24.6767082214355 25.1673469543457 25.1175918579102 25.013484954834 25.336462020874 25.7229957580566 25.7878170013428 25.7878170013428 25.4808521270752 25.0943183898926 25.29221534729 25.6787490844727 26.1400146484375 26.6306533813477 26.5250988006592 26.1385650634766 25.370491027832 24.3892116546631 24 24 23.9411582946777 23.8370532989502 23.8426856994629 23.9467906951904 24 24 24.0469245910645 24.151029586792 24.2551345825195 24.3592395782471 24.4243659973145 24.4243659973145 24.3893585205078 24.2852535247803 24.3274116516113 24.7139453887939 25.1004791259766 25.4870128631592 25.7020854949951 25.3155517578125 25.0709819793701 25.4575157165527 25.7315845489502 25.3450508117676 25.1053142547607 26.0865917205811 26.966064453125 26.4754257202148 25.9847850799561 25.4941463470459 25.0035076141357 25 25 25
23.8473453521729 23.9922847747803 24.327299118042 24.6729984283447 24.70458984375 24.70458984375 25.0055084228516 25.3512077331543 25.4091796875 25.4091796875 25.1346435546875 24.7889442443848 24.965934753418 25.3116340637207 25.7613773345947 26.2520160675049 26.1742153167725 25.8285160064697 25.168062210083 24.3317241668701 24 24 24 24 24 24 24 24 24 24 23.9402008056641 23.7952613830566 23.70458984375 23.70458984375 23.70458984375 23.70458984375 23.8508529663086 24.3414916992188 24.8698081970215 25.5053882598877 25.8911800384521 25.4005393981934 25.0900993347168 25.580738067627 25.9286212921143 25.4379825592041 25.1208686828613 26.2470874786377 27.2414245605469 26.4609050750732 25.6938705444336 25.3481712341309 25.0024700164795 25 25 24.8616256713867
23.5850448608398 23.9790306091309 24.0915088653564 24.1881637573242 24.1969966888428 24.1969966888428 24.2811298370361 24.3777847290039 24.3939933776855 24.3939933776855 24.3172359466553 24.2205810546875 24.2700653076172 24.366720199585 24.7461910247803 25.2368297576904 25.3282985687256 25.2316455841064 24.8202362060547 24.2329425811768 24 24 24 24 24 24 24 24 24 24 23.8374500274658 23.4434642791748 23.1969966888428 23.1969966888428 23.1969966888428 23.1969966888428 23.3432598114014 23.8338985443115 24.4269542694092 25.3115787506104 25.8911800384521 25.4005393981934 25.0900993347168 25.580738067627 25.9286212921143 25.4379825592041 25.1475982666016 26.5228614807129 27.7145671844482 26.4359569549561 25.1940002441406 25.0973453521729 25.0006904602051 25 25 24.6238632202148
23.3331508636475 23.6714000701904 23.6894035339355 23.6894035339355 23.8278675079346 23.9802589416504 23.8673496246338 23.714958190918 23.8162384033203 23.9686298370361 24 24 23.8847942352295 23.7324028015137 23.9322090148926 24.2704582214355 24.4823837280273 24.6347732543945 24.4724102020264 24.134162902832 24 24 24 24 24.0803184509277 24.2327079772949 24.2360935211182 24.083703994751 24 24 23.7975730895996 23.3069343566895 23 23 23 23 23.1462631225586 23.6369018554688 24.1758556365967 24.852352142334 25.3037853240967 24.9655361175537 24.7515182495117 25.0897655487061 25.3295974731445 24.9913501739502 24.7983093261719 25.8130531311035 26.687427520752 25.6726818084717 24.6894035339355 24.6894035339355 24.6894035339355 24.6894035339355 24.6894035339355 24.3664798736572
23.0878582000732 23.1770610809326 23.1818103790283 23.1818103790283 23.5465621948242 23.947998046875 23.6505661010742 23.2491283416748 23.515926361084 23.9173622131348 24 24 23.6965179443359 23.2950820922852 23.2458419799805 23.3350467681885 23.6364669799805 24.0379028320312 24.124584197998 24.0353813171387 24 24 24 24 24.211576461792 24.6130123138428 24.6219310760498 24.220495223999 24 24 23.7975730895996 23.3069343566895 23 23 23 23 23.1462631225586 23.6369018554688 24.0463771820068 24.2247829437256 24.3438358306885 24.2546310424805 24.1981906890869 24.2873935699463 24.350643157959 24.2614402770996 24.2105312347412 24.4781398773193 24.7087306976318 24.4411201477051 24.1818103790283 24.1818103790283 24.1818103790283 24.1818103790283 24.1818103790283 24.0966472625732
23 23 23.1513347625732 23.3111763000488 23.6263523101807 23.9571495056152 23.8511905670166 23.6802349090576 24.0599269866943 24.5505676269531 24.6515674591064 24.6515674591064 24.4014873504639 24.0706901550293 23.7478694915771 23.428186416626 23.5506191253662 23.8814163208008 24 24 24 24 24 24 24.2585906982422 24.7492294311523 24.7601299285889 24.2694911956787 24 24 23.7316246032715 23.0811443328857 22.6742172241211 22.6742172241211 22.6742172241211 22.6742172241211 22.8204803466797 23.3111190795898 23.6326656341553 23.4728240966797 23.3484325408936 23.3484325408936 23.3484325408936 23.3484325408936 23.3716869354248 23.5315284729004 23.6570625305176 23.4972190856934 23.3484325408936 23.3484325408936 23.3533897399902 23.5132312774658 23.67307472229 23.6742172241211 23.6742172241211 23.6742172241211
23 23 23.3871250152588 23.7960109710693 23.907657623291 23.9894104003906 24.2847595214844 24.6118946075439 25.0751152038574 25.5657539367676 25.6667537689209 25.6667537689209 25.6049499511719 25.5231971740723 24.9131050109863 24.095329284668 23.8889408111572 23.9706935882568 24 24 24 24 24 24 24.2585906982422 24.7492294311523 24.7601299285889 24.2694911956787 24 24 23.6288757324219 22.7293472290039 22.1666240692139 22.1666240692139 22.1666240692139 22.1666240692139 22.3128871917725 22.8035259246826 23.0603332519531 22.6514453887939 22.3332462310791 22.3332462310791 22.3332462310791 22.3332462310791 22.3927307128906 22.8016185760498 23.1227397918701 22.7138519287109 22.3332462310791 22.3332462310791 22.34592628479 22.7548141479492 23.1637001037598 23.1666240692139 23.1666240692139 23.1666240692139
23.340970993042 23.340970993042 23.8054943084717 24.2961349487305 24.18896484375 24.021671295166 24.5727043151855 25.2306365966797 25.8885707855225 26.5465030670166 26.6819400787354 26.6819400787354 26.9348850250244 27.2694702148438 26.2992191314697 24.8160610198975 24.2272644042969 24.0599708557129 24 24 24 24 24 24 24.1704196929932 24.4937648773193 24.5009479522705 24.1776027679443 23.9245948791504 23.7573013305664 23.3231964111328 22.5092124938965 22 22 22 22 22.0465202331543 22.2025737762451 22.2340049743652 21.9106597900391 21.659029006958 21.659029006958 21.659029006958 21.659029006958 21.7060699462891 22.0294170379639 22.2833576202393 21.9600105285645 21.659029006958 21.659029006958 21.674243927002 22.1648845672607 22.6555233001709 22.8251266479492 22.9924201965332 23
23.8485641479492 23.8485641479492 24.3130874633789 24.8037281036377 24.4702701568604 24.0539321899414 24.7894878387451 25.6964664459229 26.6034450531006 27.5104217529297 27.6971263885498 27.6971263885498 28.3266220092773 29.1592998504639 27.7932739257812 25.5629787445068 24.5655879974365 24.1492500305176 24 24 24 24 24 24 24.0391597747803 24.1134605407715 24.1151123046875 24.0408115386963 23.8123416900635 23.3960037231445 22.9183540344238 22.3534145355225 22 22 22 22 21.8980350494385 21.5559978485107 21.2835578918457 21.2092571258545 21.1514358520508 21.1514358520508 21.1514358520508 21.1514358520508 21.1622467041016 21.2365474700928 21.2948989868164 21.2205982208252 21.1514358520508 21.1514358520508 21.1666507720947 21.6572895050049 22.1479301452637 22.5648002624512 22.9811382293701 23
24.3561573028564 24.3561573028564 24.4897937774658 24.6309452056885 24.3568153381348 24.0409202575684 24.8541641235352 25.8354434967041 26.816722869873 27.7980003356934 28 28 28.3455219268799 28.8025665283203 27.5468559265137 25.6178932189941 24.7852935791016 24.4693984985352 24.2440547943115 24.0693111419678 24 24 24 24 23.907901763916 23.7331562042236 23.6438426971436 23.6438426971436 23.5802211761475 23.4390716552734 23.0816345214844 22.4162502288818 22 22 22 22 21.8537368774414 21.3630981445312 21 21 21 21 21 21 21 21 21 21 21 21 21.0152149200439 21.5058536529541 21.9964923858643 22.3136367797852 22.6295318603516 22.6438426971436
24.8637504577637 24.8637504577637 24.5258083343506 24.1688671112061 24.0755100250244 24.008659362793 24.8541641235352 25.8354434967041 26.816722869873 27.7980003356934 28 28 27.7806949615479 27.4906044006348 26.5603942871094 25.3785667419434 24.9545631408691 24.8877143859863 24.5918807983398 24.1680908203125 24 24 24 24 23.7766418457031 23.3528518676758 23.1362495422363 23.1362495422363 23.2971363067627 23.6540756225586 23.4864768981934 22.5720481872559 22 22 22 22 21.8537368774414 21.3630981445312 21 21 21 21 21 21 21 21 21 21 21 21 21.0152149200439 21.5058536529541 21.9964923858643 22.0663719177246 22.1332206726074 22.1362495422363
25 25 24.5354747772217 24.0448360443115 24 24 24.8541641235352 25.8354434967041 26.6650791168213 27.4641628265381 27.6286563873291 27.6286563873291 27.3954753875732 27.0870323181152 26.2956047058105 25.3143272399902 25 25 24.685245513916 24.1946067810059 24 24 24 24 23.7414093017578 23.2507705688477 23 23 23.2211475372314 23.7117881774902 23.5951461791992 22.6138668060303 21.9317817687988 21.7495861053467 21.6286563873291 21.6286563873291 21.4823932647705 20.9917545318604 20.6286563873291 20.6286563873291 20.6286563873291 20.6286563873291 20.6286563873291 20.6286563873291 20.6286563873291 20.6286563873291 20.6091022491455 20.4269065856934 20.2699146270752 20.4521102905273 20.643871307373 21.1345100402832 21.625150680542 21.6286563873291 21.6286563873291 21.4547157287598
25 25 24.5354747772217 24.0448360443115 24 24 24.8541641235352 25.8354434967041 26.4577980041504 27.0078372955322 27.1210632324219 27.1210632324219 27.0761585235596 27.0167598724365 26.2956047058105 25.3143272399902 25 25 24.685245513916 24.1946067810059 24 24 24 24 23.7414093017578 23.2507705688477 23 23 23.2211475372314 23.7117881774902 23.5951461791992 22.6138668060303 21.8385334014893 21.4072933197021 21.1210632324219 21.1210632324219 20.9748001098633 20.4841613769531 20.1210632324219 20.1210632324219 20.1210632324219 20.1210632324219 20.1210632324219 20.1210632324219 20.1210632324219 20.1210632324219 20.0747814178467 19.6435394287109 19.2719535827637 19.7031955718994 20.1362781524658 20.626916885376 21.1175556182861 21.1210632324219 21.1210632324219 20.7093601226807
25 25 24.5354747772217 24.0448360443115 24 24 24.8541641235352 25.8354434967041 26.4083614349365 26.8990001678467 27 27 26.8566284179688 26.6669826507568 25.9090747833252 24.9277973175049 24.4845714569092 24.2949237823486 24.0338478088379 23.7328548431396 23.6134700775146 23.6134700775146 23.6134700775146 23.6134700775146 23.4548320770264 23.1538391113281 22.907283782959 22.7176361083984 22.8346176147461 23.3252582550049 23.2868595123291 22.4952278137207 21.7452869415283 21.0650005340576 20.6134700775146 20.6134700775146 20.5237426757812 20.222749710083 20 20 20 20 19.9651737213135 19.7755279541016 19.6134700775146 19.6134700775146 19.5811672210693 19.2801742553711 19.0208187103271 19.3218116760254 19.6286849975586 20.1193237304688 20.6099624633789 20.6134700775146 20.6134700775146 20.326114654541
25 25 24.5354747772217 24.0448360443115 24 24 24.8541641235352 25.8354434967041 26.4083614349365 26.8990001678467 27 27 26.6683540344238 26.2296619415283 25.401481628418 24.4202041625977 23.8077087402344 23.3690166473389 23.1784286499023 23.1264801025391 23.1058769226074 23.1058769226074 23.1058769226074 23.1058769226074 23.078498840332 23.0265502929688 22.7855262756348 22.3468341827393 22.3270244598389 22.8176651000977 22.8820171356201 22.3394298553467 21.6520385742188 20.7227077484131 20.1058769226074 20.1058769226074 20.0903911590576 20.0384426116943 20 20 20 20 19.9194393157959 19.4807472229004 19.1058769226074 19.1058769226074 19.1003017425537 19.0483551025391 19.0035934448242 19.0555400848389 19.1210918426514 19.6117305755615 20.1023693084717 20.1058769226074 20.1058769226074 20.056282043457
25 25 24.5354747772217 24.0448360443115 23.8209133148193 23.623815536499 24.4524478912354 25.4337272644043 26.0066452026367 26.4972839355469 26.4417591094971 26.2446613311768 25.9746532440186 25.6811103820801 24.8938884735107 23.9126110076904 23.2648067474365 22.7741680145264 22.5982837677002 22.5982837677002 22.5982837677002 22.5982837677002 22.5982837677002 22.5982837677002 22.5982837677002 22.5982837677002 22.4547729492188 22.1612319946289 22.1323089599609 22.4258499145508 22.3958568572998 21.905216217041 21.3046703338623 20.5204887390137 20 20 19.9412441253662 19.7441463470459 19.5982837677002 19.5982837677002 19.5982837677002 19.5982837677002 19.5443782806396 19.2508373260498 19 19 18.9788475036621 18.7817497253418 18.6119155883789 18.8090133666992 19.0152149200439 19.5058536529541 19.9964923858643 20 20 20
25 25 24.5354747772217 24.0448360443115 23.5946254730225 23.1484832763672 23.9448547363281 24.9261341094971 25.4990501403809 25.9896907806396 25.7363872528076 25.2902431488037 25.147741317749 25.1032447814941 24.3862953186035 23.4050159454346 22.7572135925293 22.2665748596191 22.090690612793 22.090690612793 22.090690612793 22.090690612793 22.090690612793 22.090690612793 22.090690612793 22.090690612793 22.0689353942871 22.0244407653809 22.020055770874 22.0645523071289 21.8882637023926 21.3976230621338 20.890323638916 20.355188369751 20 20 19.867000579834 19.4208583831787 19.090690612793 19.090690612793 19.090690612793 19.090690612793 19.08251953125 19.0380229949951 19 19 18.9521179199219 18.5059757232666 18.1215476989746 18.5676918029785 19.0152149200439 19.5058536529541 19.9964923858643 20 20 20
24.1661930084229 24.1661930084229 23.7016677856445 23.2110290527344 22.9062461853027 22.6201572418213 23.0811576843262 23.6533374786377 23.9874038696289 24.273494720459 24.105188369751 23.8190994262695 23.7492904663086 23.7492904663086 23.1917285919189 22.4149990081787 21.9717445373535 21.6856536865234 21.5830974578857 21.5830974578857 21.5830974578857 21.5830974578857 21.5830974578857 21.5830974578857 21.5830974578857 21.5830974578857 21.6830997467041 21.8876476287842 22 22 21.7975730895996 21.3069343566895 20.8162937164307 20.3256549835205 20 20 19.8537368774414 19.3630981445312 19 19 19 19 19.0375633239746 19.2421112060547 19.3871459960938 19.182596206665 18.969295501709 18.6832065582275 18.4366912841797 18.7227821350098 19.0088710784912 19.2949619293213 19.5810527801514 19.5830974578857 19.5830974578857 19.7783794403076
23.1510066986084 23.1510066986084 22.6864814758301 22.1958427429199 22.1173477172852 22.08030128479 22.1399955749512 22.2140846252441 22.2573432922363 22.2943878173828 22.2725944519043 22.2355499267578 22.2265110015869 22.2265110015869 21.8477210998535 21.3200359344482 21.1258277893066 21.0887832641602 21.0755043029785 21.0755043029785 21.0755043029785 21.0755043029785 21.0755043029785 21.0755043029785 21.0755043029785 21.0755043029785 21.2972621917725 21.7508563995361 22 22 21.7975730895996 21.3069343566895 20.8162937164307 20.3256549835205 20 20 19.8537368774414 19.3630981445312 19 19 19 19 19.0832958221436 19.5368919372559 19.8585071563721 19.4049129486084 18.9960250854492 18.9589786529541 18.927059173584 18.9641036987305 19.001148223877 19.0381927490234 19.0752391815186 19.0755043029785 19.0755043029785 19.5085487365723
22.5679092407227 22.5679092407227 22.3041019439697 22.025463104248 22 22 21.8154621124268 21.6034622192383 21.5679092407227 21.5679092407227 21.5679092407227 21.5679092407227 21.5679092407227 21.5679092407227 21.2157135009766 20.7250728607178 20.5679092407227 20.5679092407227 20.5679092407227 20.5679092407227 20.6958236694336 20.9078235626221 21 21 21 21 21.2398700714111 21.7305088043213 22 22 21.7975730895996 21.3069343566895 20.7369174957275 20.0342769622803 19.5679092407227 19.5679092407227 19.4848461151123 19.2062072753906 19 19 19 19 19.0511684417725 19.3298072814941 19.5273742675781 19.2487354278564 19 19 19 19 19 19 19 19 19 19.2660160064697
22.0603160858154 22.0603160858154 22.032299041748 22.0027046203613 22 22 21.5986785888672 21.1376323699951 21.0603160858154 21.0603160858154 21.0603160858154 21.0603160858154 21.0603160858154 21.0603160858154 20.7081203460693 20.2174797058105 20.0603160858154 20.0603160858154 20.0603160858154 20.0603160858154 20.3384952545166 20.79953956604 21 21 21 21 21.2398700714111 21.7305088043213 22 22 21.7975730895996 21.3069343566895 20.643669128418 19.6919841766357 19.0603160858154 19.0603160858154 19.0514945983887 19.021900177002 19 19 19 19 19.0054340362549 19.0350284576416 19.0560111999512 19.0264167785645 19 19 19 19 19 19 19 19 19 19.0282535552979
21.5527229309082 21.5527229309082 21.5527229309082 21.5527229309082 21.5527229309082 21.5527229309082 21.1256408691406 20.6350021362305 20.5527229309082 20.5527229309082 20.5527229309082 20.5527229309082 20.5527229309082 20.5527229309082 20.3580551147461 20.0868682861328 20 20 20 20 20.2960338592529 20.7866725921631 21 21 21 21 21.1325817108154 21.4037685394287 21.6516380310059 21.8710899353027 21.7975730895996 21.3069343566895 20.5504207611084 19.3496913909912 18.4789295196533 18.2594776153564 18.1054458618164 18.1054458618164 18.1624927520752 18.3819446563721 18.5527229309082 18.5527229309082 18.5930233001709 18.8124752044678 19 19 19 19 19 19 19 19 19 19 19 18.790491104126
21.045129776001 21.045129776001 21.045129776001 21.045129776001 21.045129776001 21.045129776001 20.6180477142334 20.1274089813232 20.045129776001 20.045129776001 20.045129776001 20.045129776001 20.045129776001 20.045129776001 20.0292358398438 20.0070934295654 20 20 20 20 20.2960338592529 20.7866725921631 21 21 21 21 21.0108261108398 21.0329685211182 21.2562980651855 21.7247943878174 21.7975730895996 21.3069343566895 20.4571723937988 19.0073986053467 17.8875904083252 17.4190940856934 17.090259552002 17.090259552002 17.2120456695557 17.6805438995361 18.045129776001 18.045129776001 18.1311626434326 18.5996608734131 19 19 19 19 19 19 19 19 19 19 19 18.5527286529541
21 21 21 21 20.7938327789307 20.5669288635254 20.3079643249512 20.0442276000977 20 20 20 20 20 20 20 20 20 20 20 20 20.1591281890869 20.4228649139404 20.5375366210938 20.5375366210938 20.5375366210938 20.5375366210938 20.6484680175781 20.8753700256348 21.11887550354 21.3826122283936 21.4287242889404 21.1649875640869 20.3639259338379 18.6651039123535 17.3725528717041 16.8819122314453 16.5375366210938 16.5375366210938 16.6060943603516 16.8698310852051 17.1253986358643 17.3523025512695 17.669303894043 18.3868465423584 19 19 19.0243511199951 19.2512550354004 19.4467697143555 19.2198657989502 18.9929637908936 18.7660617828369 18.5391578674316 18.5375366210938 18.5375366210938 18.0691261291504
21 21 21 21 20.5675449371338 20.0915966033936 20.0171546936035 20.0024642944336 20 20 20 20 20 20 20 20 20 20 20 20 20.0088634490967 20.0235557556152 20.0299434661865 20.0299434661865 20.0299434661865 20.0299434661865 20.2626304626465 20.7385787963867 21.0066223144531 21.021312713623 21.0238819122314 21.0091915130615 20.2706775665283 18.322811126709 16.8649597167969 16.3743190765381 16.0299434661865 16.0299434661865 16.0337619781494 16.048454284668 16.1654491424561 16.6413974761963 17.2074451446533 18.1740322113037 19 19 19.0510807037354 19.5270290374756 19.9371376037598 19.4611892700195 18.9852409362793 18.5092926025391 18.0333461761475 18.0299434661865 18.0299434661865 17.5615329742432
