data/UserDefined/bathy.asc
NCOLS 400 
NROWS 400 
XLLCORNER 3976618.40818195 
YLLCORNER 3363922.87082193 
CELLSIZE 400 
NODATA_value -9999 
[rows 275 to 299 of 400, columns 336 to 391 of 400]
16.0893402099609 16.4012985229492 16.891939163208 17 17 17.3638572692871 17.8544960021973 18.6564521789551 19.589656829834 20.1964473724365 20.6390113830566 20.8040332794189 20.8040332794189 20.8040332794189 20.8040332794189 21.3180522918701 22.251256942749 22.00075340271 20.6249847412109 19.9020156860352 19.9020156860352 19.6879291534424 19.1972904205322 18.9211597442627 18.9692325592041 18.9826927185059 18.9346179962158 18.7595672607422 18.3170032501221 17.8607997894287 17.3701591491699 17.1086750030518 17.5512390136719 17.9020156860352 17.9020156860352 17.9020156860352 17.9020156860352 17.9020156860352 17.9020156860352 17.9476108551025 18.4382495880127 18.9046497344971 18.9527244567871 18.9918479919434 18.5012092590332 18.0105686187744 18.9601402282715 19.9414196014404 19.5386505126953 19.0480117797852 19.442626953125 19.9332675933838 20 20 20 20
16.0893402099609 16.4012985229492 16.891939163208 17 17 17.3638572692871 17.8544960021973 18.4812641143799 19.1654224395752 19.5231685638428 19.7166881561279 19.7888450622559 19.7888450622559 19.7888450622559 19.7888450622559 20.1656894683838 20.8498477935791 20.7333221435547 19.8556442260742 19.3944225311279 19.3944225311279 19.1803359985352 18.689697265625 18.512731552124 18.809850692749 18.8930282592773 18.5959091186523 18.3321342468262 18.138614654541 17.8607997894287 17.3701591491699 17.0475196838379 17.241039276123 17.3944225311279 17.3944225311279 17.3944225311279 17.3944225311279 17.3944225311279 17.3944225311279 17.4400177001953 17.9306564331055 18.4106960296631 18.7078170776367 18.9918479919434 18.5012092590332 18.0105686187744 18.9601402282715 19.9414196014404 19.5386505126953 19.0480117797852 19.442626953125 19.9332675933838 20 20 20 20
16.0792293548584 16.4012985229492 16.891939163208 17 17 17.3226795196533 17.757791519165 18.1929054260254 18.6280193328857 18.7736587524414 18.7736587524414 18.7736587524414 18.7736587524414 18.7736587524414 18.7736587524414 19.0133247375488 19.4484386444092 19.4374256134033 19.002311706543 18.7736587524414 18.7736587524414 18.6080284118652 18.2284412384033 18.1953659057617 18.6860046386719 18.823356628418 18.3327159881592 18 18 17.8607997894287 17.3701591491699 17 17 17 17 17 17 17 17 17.0455951690674 17.5362339019775 18.023832321167 18.4589462280273 18.8796005249023 18.444486618042 18.0093727111816 18.8514804840088 19.7217082977295 19.3645210266113 18.929407119751 19.2793655395508 19.7144794464111 19.8216323852539 19.8771591186523 19.8868293762207 19.8868293762207
16.0338802337646 16.4012985229492 16.891939163208 17 17 17.1379871368408 17.3240566253662 17.510124206543 17.6961917877197 17.758472442627 17.758472442627 17.758472442627 17.758472442627 17.758472442627 17.758472442627 17.8609619140625 18.0470294952393 18.0423202514648 17.8562507629395 17.758472442627 17.758472442627 17.8101806640625 17.9286823272705 18.1953659057617 18.6860046386719 18.823356628418 18.3327159881592 18 18 17.8607997894287 17.3701591491699 17 17 17 17 17 17 17 17 17.0455951690674 17.5362339019775 18.0101909637451 18.1962604522705 18.3761444091797 18.1900768280029 18.0040073394775 18.3641204833984 18.7362575531006 18.5835113525391 18.3974437713623 18.5470962524414 18.7331657409668 19.0216178894043 19.3261890411377 19.3792362213135 19.3792362213135
15.8716430664062 16.3244514465332 16.8780670166016 17 17 17 17 17 17 17 17 17 17 17 17 17 17 17 17 17 17 17.2140865325928 17.7047252655029 18.1702880859375 18.5979499816895 18.7176723480225 18.2900104522705 18 18 17.8607997894287 17.3701591491699 17 17 17 17 17 17 17 17 17.0397415161133 17.4674053192139 17.8716430664062 17.8716430664062 17.8716430664062 17.8716430664062 17.8716430664062 17.8716430664062 17.8716430664062 17.8716430664062 17.8716430664062 17.8716430664062 17.8716430664062 18.241138458252 18.6688003540039 18.7432861328125 18.7432861328125
15.364049911499 16.0205554962158 16.8232154846191 17 17 17 17 17 17 17 17 17 17 17 17 17 17 17 17 17 17 17.2140865325928 17.7047252655029 18.0711231231689 18.2497386932373 18.2997417449951 18.1211261749268 18 18 17.8607997894287 17.3701591491699 17 17 17 17 17 17 17 17 17.0165996551514 17.1952152252197 17.364049911499 17.364049911499 17.364049911499 17.364049911499 17.364049911499 17.364049911499 17.364049911499 17.364049911499 17.364049911499 17.364049911499 17.364049911499 17.5183734893799 17.6969890594482 17.728099822998 17.728099822998
15 15.8025979995728 16.7838764190674 17 17 16.8955421447754 16.7546844482422 16.712911605835 16.712911605835 16.712911605835 16.712911605835 16.712911605835 16.712911605835 16.712911605835 16.712911605835 16.712911605835 16.712911605835 16.712911605835 16.712911605835 16.712911605835 16.712911605835 16.8962688446045 17.316478729248 17.597412109375 17.6678409576416 17.712911605835 17.712911605835 17.712911605835 17.712911605835 17.5737113952637 17.0830726623535 16.712911605835 16.712911605835 16.712911605835 16.712911605835 16.712911605835 16.712911605835 16.712911605835 16.712911605835 16.7194576263428 16.7898864746094 16.8564567565918 16.8564567565918 16.8552856445312 16.7848587036133 16.7144298553467 16.712911605835 16.712911605835 16.712911605835 16.712911605835 16.712911605835 16.712911605835 16.7737617492676 16.8441905975342 16.7982940673828 16.7278671264648
15 15.8025979995728 16.7838764190674 17 17 16.526159286499 15.8872127532959 15.6977262496948 15.6977262496948 15.6977262496948 15.6977262496948 15.6977262496948 15.6977262496948 15.6977262496948 15.6977262496948 15.6977262496948 15.6977262496948 15.6977262496948 15.6977262496948 15.6977262496948 15.6977262496948 15.7724123001099 15.9435787200928 16.1737976074219 16.4932708740234 16.6977252960205 16.6977252960205 16.6977252960205 16.6977252960205 16.5585250854492 16.0678844451904 15.6977262496948 15.6977262496948 15.6977262496948 15.6977262496948 15.6977262496948 15.6977262496948 15.6977262496948 15.6977262496948 15.7274141311646 16.0468883514404 16.3488636016846 16.3488636016846 16.3435554504395 16.0240802764893 15.704607963562 15.6977262496948 15.6977262496948 15.6977262496948 15.6977262496948 15.6977262496948 15.6977262496948 15.973747253418 16.2932205200195 16.0850315093994 15.7655582427979
14.841269493103 15.6438674926758 16.6251468658447 16.8412704467773 16.8412704467773 16.1135578155518 15.1322784423828 14.841269493103 14.841269493103 14.841269493103 14.841269493103 14.8901100158691 14.9679889678955 15 15 14.9571027755737 14.8792238235474 14.841269493103 14.841269493103 14.841269493103 14.841269493103 14.841269493103 14.841269493103 15.0366344451904 15.5272741317749 15.8693084716797 15.9471874237061 16 16 15.8607988357544 15.3701591491699 15 15 15 15 15 15 15 15 15.0383577346802 15.451117515564 15.841269493103 15.841269493103 15.8331174850464 15.3424777984619 14.8518390655518 14.841269493103 14.841269493103 14.7680397033691 14.6901597976685 14.6825389862061 14.6825389862061 15.039158821106 15.4519186019897 15.1829385757446 14.7701787948608
14.3336763381958 15.1362743377686 16.1175537109375 16.3336753845215 16.3336753845215 15.6059637069702 14.6246852874756 14.3336763381958 14.3336763381958 14.3336763381958 14.3336763381958 14.5386991500854 14.8656234741211 15 15 14.8199262619019 14.4930009841919 14.3336763381958 14.3336763381958 14.3336763381958 14.3336763381958 14.3336763381958 14.3336763381958 14.5290412902832 15.0196809768677 15.4513778686523 15.7783031463623 16 16 15.8607988357544 15.3701591491699 15 15 15 15 15 15 15 15 15.0152139663696 15.1789283752441 15.3336763381958 15.3336763381958 15.3255243301392 14.8348846435547 14.3442449569702 14.3336763381958 14.3336763381958 14.0262680053711 13.6993436813354 13.6673526763916 13.6673526763916 13.8087997436523 13.9725151062012 13.8658285140991 13.7021131515503
14 14.7328052520752 15.6287536621094 15.7595462799072 15.6742153167725 14.9877338409424 14.0917854309082 13.8861074447632 13.9714384078979 14 14 14.2006664276123 14.5206451416016 14.6521663665771 14.6521663665771 14.4759178161621 14.1559400558472 14 14 14 14 14 14 14.1953649520874 14.6860046386719 15.1459226608276 15.5512313842773 15.8260831832886 15.8260831832886 15.6626720428467 15.0867023468018 14.6731195449829 14.7584495544434 14.8260831832886 14.8260831832886 14.8260831832886 14.8260831832886 14.8260831832886 14.8260831832886 14.8260831832886 14.8260831832886 14.8214092254639 14.7360782623291 14.6440134048462 14.153374671936 13.6627349853516 13.6521663665771 13.6521663665771 13.1908168792725 12.700177192688 12.6521663665771 12.6521663665771 12.578441619873 12.4931106567383 12.4782485961914 12.4782485961914
14 14.5291080474854 15.1760110855103 15.0577592849731 14.7233829498291 14.1572380065918 13.5103359222412 13.5537023544312 13.8880786895752 14 14 13.8883008956909 13.7101888656616 13.6369791030884 13.6369791030884 13.7350854873657 13.913197517395 14 14 14 14 14 14 14.1953649520874 14.6860046386719 15.0562591552734 15.2125225067139 15.3184900283813 15.3184900283813 15.0844211578369 14.2594060897827 13.719087600708 14.0534629821777 14.3184900283813 14.3184900283813 14.3184900283813 14.3184900283813 14.3184900283813 14.3184900283813 14.3184900283813 14.3184900283813 14.3001747131348 13.965799331665 13.6288270950317 13.1381874084473 12.6475486755371 12.6369791030884 12.6369791030884 12.175630569458 11.6849908828735 11.6369791030884 11.6369791030884 11.3480825424194 11.0137071609497 10.9554691314697 10.9554691314697
14.0168943405151 14.4012985229492 14.8919382095337 14.6174221038818 14.1267833709717 13.6361436843872 13.1455039978027 13.3451347351074 13.8357744216919 14 14 13.692307472229 13.2016677856445 13 13 13.2702503204346 13.7608890533447 13.9524345397949 13.8596534729004 13.8108959197998 13.8108959197998 13.8108959197998 13.8108959197998 13.9693174362183 14.3671751022339 14.6217927932739 14.6217927932739 14.6516561508179 14.7444381713867 14.5588178634644 13.6703205108643 13.0749139785767 13.3799896240234 13.6217927932739 13.6217927932739 13.6217927932739 13.6217927932739 13.6217927932739 13.6217927932739 13.6217927932739 13.6217927932739 13.5898370742798 13.0064163208008 12.4260787963867 12.0282211303711 11.6303634643555 11.5310096740723 11.4382276535034 11.0585823059082 10.6607246398926 10.4543876647949 10.2688245773315 9.89984130859375 9.50198364257812 9.43268871307373 9.43268871307373
14.0622434616089 14.4012985229492 14.8919382095337 14.6174221038818 14.1267833709717 13.6361436843872 13.1455039978027 13.3451347351074 13.8357744216919 14 14 13.692307472229 13.2016677856445 13 13 13.2702503204346 13.7608890533447 13.8247604370117 13.4829339981079 13.3033027648926 13.3033027648926 13.3033027648926 13.3033027648926 13.3625574111938 13.5113706588745 13.6066064834595 13.6066064834595 13.7166299819946 14.0584573745728 14.1218814849854 13.4824295043945 12.9526042938232 12.7595891952515 12.6066064834595 12.6066064834595 12.6066064834595 12.6066064834595 12.6066064834595 12.6066064834595 12.6066064834595 12.6066064834595 12.5610094070435 11.7285432815552 10.9074363708496 10.7586240768433 10.6098117828369 10.2721424102783 9.9303150177002 9.76998043060303 9.62116813659668 8.9898509979248 8.30619716644287 8.08463954925537 7.93582773208618 7.90990924835205 7.90990924835205
14.0710887908936 14.4012985229492 14.8919382095337 14.6174221038818 14.1267833709717 13.7104759216309 13.3200693130493 13.4084100723267 13.6985836029053 13.7957096099854 13.7957096099854 13.5508756637573 13.1604690551758 13 13 13.2150402069092 13.6054468154907 13.5955657958984 13.2051591873169 13 13 12.9562644958496 12.8560314178467 12.7957096099854 12.7957096099854 12.7957096099854 12.7957096099854 12.9213705062866 13.3117761611938 13.480655670166 13.0902490615845 12.6752300262451 12.1845903396606 11.7957096099854 11.7957096099854 11.7787456512451 11.6785135269165 11.5914192199707 11.5914192199707 11.5914192199707 11.5914192199707 11.5376720428467 10.5563936233521 9.58975410461426 9.48952102661133 9.3892879486084 9.0051326751709 8.61472606658936 8.5914192199707 8.5914192199707 7.70616388320923 6.72488498687744 6.5914192199707 6.5914192199707 6.67419481277466 6.77442789077759
14.0257406234741 14.4012985229492 14.8919382095337 14.6174221038818 14.1267833709717 13.895167350769 13.7538061141968 13.5656270980835 13.3577098846436 13.2881164550781 13.2881164550781 13.1994647979736 13.0581035614014 13 13 13.0778636932373 13.2192249298096 13.2156467437744 13.0742855072021 13 13 12.8475952148438 12.4983177185059 12.2881164550781 12.2881164550781 12.2881164550781 12.2881164550781 12.3336162567139 12.4749774932861 12.5361270904541 12.3947658538818 12.1676368713379 11.6769971847534 11.2881164550781 11.2881164550781 11.22900390625 10.8797254562378 10.5762329101562 10.5762329101562 10.5762329101562 10.5762329101562 10.5224857330322 9.5412073135376 8.5704288482666 8.22115135192871 7.8718729019165 7.72603321075439 7.58467197418213 7.57623291015625 7.57623291015625 6.69097709655762 5.70969820022583 5.57623291015625 5.57623291015625 5.86467742919922 6.21395587921143
14.2194766998291 14.5326995849609 14.9156551361084 14.7013893127441 14.3184337615967 14.1396188735962 14.0319347381592 13.6548652648926 13.1642255783081 13 13 13 13 13 13 12.9406862258911 12.8330020904541 12.7805233001709 12.7805233001709 12.7805233001709 12.7805233001709 12.5664367675781 12.0757970809937 11.7805233001709 11.7805233001709 11.7805233001709 11.7805233001709 11.7805233001709 11.7805233001709 11.7805233001709 11.7805233001709 11.6336002349854 11.0352773666382 10.5610456466675 10.5610456466675 10.478009223938 9.98736953735352 9.56104564666748 9.56104564666748 9.56104564666748 9.56104564666748 9.51319694519043 8.63960266113281 7.77058172225952 7.17225790023804 6.57393455505371 6.56104612350464 6.56104612350464 6.56104612350464 6.56104612350464 5.77293682098389 4.89934253692627 4.78052282333374 4.78052282333374 5.27463722229004 5.87296056747437
14.7270698547363 14.8365964889526 14.9705066680908 14.895583152771 14.7616729736328 14.4625215530396 14.1057920455933 13.6548652648926 13.1642255783081 13 13 13 13 13 13 12.8035087585449 12.4467802047729 12.2729301452637 12.2729301452637 12.2729301452637 12.2729301452637 12.0588436126709 11.5682039260864 11.2729301452637 11.2729301452637 11.2729301452637 11.2729301452637 11.2729301452637 11.2729301452637 11.2729301452637 11.2729301452637 11.0648527145386 10.2174835205078 9.54585933685303 9.54585933685303 9.46282196044922 8.97218227386475 8.54585933685303 8.54585933685303 8.54585933685303 8.54585933685303 8.51165103912354 7.88710165023804 7.25885009765625 6.41148138046265 5.56411266326904 5.54585933685303 5.54585933685303 5.54585933685303 5.54585933685303 4.98242521286011 4.35787582397461 4.27292966842651 4.27292966842651 4.97271299362183 5.82008171081543
14.7653360366821 14.7653360366821 14.7653360366821 14.7653360366821 14.7653360366821 14.4868640899658 14.1113595962524 13.6548652648926 13.1642255783081 12.9234027862549 12.8082675933838 12.8375406265259 12.952675819397 13 13 12.666332244873 12.0605573654175 11.7653360366821 11.7653360366821 11.8199682235718 11.9351034164429 11.7356758117676 11.129900932312 10.7653360366821 10.7653360366821 10.7653360366821 10.7653360366821 10.7653360366821 10.7653360366821 10.7653360366821 10.7653360366821 10.5243768692017 9.54309749603271 8.74145698547363 8.62632179260254 8.46712112426758 8.09161758422852 7.78042888641357 7.89556407928467 8 8 7.97312641143799 7.48248720169067 6.98369550704956 6.00241661071777 5.02113819122314 5 5 5 5 4.55737209320068 4.06673288345337 4 4 4.81037044525146 5.79164934158325
14.2577428817749 14.2577428817749 14.2577428817749 14.2577428817749 14.2577428817749 14.1639614105225 14.0375022888184 13.6548652648926 13.1642255783081 12.7577171325684 12.393536567688 12.4861297607422 12.8503103256226 13 13 12.5291547775269 11.6743354797363 11.2577428817749 11.2577428817749 11.4305458068848 11.7947263717651 11.6270065307617 10.7721872329712 10.2577428817749 10.2577428817749 10.2577428817749 10.2577428817749 10.2577428817749 10.2577428817749 10.2577428817749 10.2577428817749 10.0167837142944 9.03550434112549 8.18221187591553 7.81803178787231 7.49408388137817 7.36762475967407 7.30548191070557 7.66966247558594 8 8 7.97312641143799 7.48248720169067 6.98369550704956 6.00241661071777 5.02113819122314 5 5 5 5 4.55737209320068 4.06673288345337 4 4 4.81037044525146 5.79164934158325
13.5002994537354 13.5002994537354 13.5002994537354 13.5002994537354 13.5002994537354 13.5002994537354 13.5002994537354 13.1551647186279 12.6645250320435 12.2554407119751 11.8873872756958 11.9809656143188 12.3490180969238 12.5002994537354 12.5002994537354 12.0273218154907 11.168628692627 10.7501497268677 10.7501497268677 11.0411243438721 11.6543502807617 11.5718278884888 10.5905485153198 10 10 10 10 10 10 10 10 9.75903987884521 8.77776145935059 7.89824151992798 7.40760183334351 7 7 7.04824686050415 7.41629981994629 7.75014972686768 7.75014972686768 7.71656179428101 7.10333633422852 6.48603200912476 5.62733936309814 4.76864719390869 4.75014972686768 4.75014972686768 4.86541795730591 4.98800420761108 4.55737209320068 4.06673288345337 3.89408683776855 3.77150058746338 4.66175603866577 5.76562118530273
12.4851131439209 12.4851131439209 12.4851131439209 12.4851131439209 12.4851131439209 12.4851131439209 12.4851131439209 12.1399774551392 11.649338722229 11.4059391021729 11.2869310379028 11.3171892166138 11.4361972808838 11.4851131439209 11.4851131439209 11.1493120193481 10.539665222168 10.2425565719604 10.2425565719604 10.6517028808594 11.513973236084 11.5718278884888 10.5905485153198 10 10 10 10 10 10 10 10 9.75903987884521 8.77776145935059 7.89824151992798 7.40760183334351 7 7 7.01560020446777 7.13460779190063 7.24255657196045 7.24255657196045 7.19532775878906 6.33305692672729 5.47498321533203 4.8653359413147 4.25568914413452 4.24255657196045 4.24255657196045 4.59200239181519 4.96363401412964 4.55737209320068 4.06673288345337 3.67891478538513 3.30728316307068 4.35983180999756 5.7127423286438
11.4699258804321 11.6826438903809 11.9427194595337 12 12 12 12 11.6548652648926 11.1642255783081 11 11 11 11 10.923412322998 10.7933740615845 10.5363397598267 10.1757373809814 10 10 10.342209815979 11.0634136199951 11.0417537689209 10.0604753494263 9.46992588043213 9.46992588043213 9.46992588043213 9.46992588043213 9.51178169250488 9.64181900024414 9.69806957244873 9.56803226470947 9.26089763641357 8.4096565246582 7.63320446014404 7.14256525039673 6.73496294021606 6.73496294021606 6.73496294021606 6.73496294021606 6.72287893295288 6.59284114837646 6.43042421340942 5.70922040939331 4.9918475151062 4.50120830535889 4.01056909561157 4 4 4.46134901046753 4.951988697052 4.55737209320068 4.06673288345337 3.57609343528748 3.08545398712158 3.89338874816895 4.97519445419312
10.4547395706177 11.0748510360718 11.8330163955688 12 12 12 12 11.6548652648926 11.1642255783081 11 11 11 11 10.7767324447632 10.3976488113403 10.1659231185913 10.0543661117554 10 10 10.1058664321899 10.3289794921875 10.0265674591064 9.0452880859375 8.45473957061768 8.45473957061768 8.45473957061768 8.45473957061768 8.57675552368164 8.95583820343018 9.11981868743896 8.74073600769043 8.30686664581299 7.70467042922974 7.12561130523682 6.63497161865234 6.22736978530884 6.22736978530884 6.22736978530884 6.22736978530884 6.19214200973511 5.81305885314941 5.44251918792725 5.21940612792969 4.9918475151062 4.50120830535889 4.01056909561157 4 4 4.46134901046753 4.951988697052 4.55737209320068 4.06673288345337 3.57609343528748 3.08545398712158 3.27638077735901 3.61105036735535
10 10.577691078186 11.283992767334 11.4395532608032 11.4395532608032 11.4395532608032 11.4395532608032 11.0944175720215 10.6037788391113 10.4395532608032 10.4395532608032 10.4395532608032 10.4395532608032 10.1505813598633 9.65994262695312 9.43955326080322 9.43955326080322 9.43955326080322 9.43955326080322 9.43955326080322 9.43955326080322 9.07137203216553 8.22758197784424 7.66503047943115 7.52754211425781 7.43955278396606 7.43955278396606 7.59747552871704 8.08811473846436 8.37836647033691 8.16270446777344 7.87951993942261 7.38888072967529 6.89824151992798 6.40760183334351 6 6 5.9819769859314 5.84448862075806 5.68695831298828 5.33380794525146 4.9924693107605 4.85498094558716 4.71390867233276 4.36075782775879 4.00760746002197 4 4 4.59063005447388 5.21875810623169 4.83759546279907 4.34695625305176 3.1435854434967 1.82801389694214 -9999 -9999
