data/UserDefined/bathy.asc
NCOLS 400 
NROWS 400 
XLLCORNER 3976618.40818195 
YLLCORNER 3363922.87082193 
CELLSIZE 400 
NODATA_value -9999 
[rows 75 to 99 of 400, columns 56 to 111 of 400]
43 42.9777221679688 42.4870834350586 42.0014953613281 42.2078971862793 42.4142990112305 42.2206573486328 42.0142555236816 42.2646064758301 42.5488433837891 42.5793190002441 42.5793190002441 42.9986305236816 43.4892692565918 43.5793190002441 43.5793190002441 43.5793190002441 43.5793190002441 43.5793190002441 43.5793190002441 43.3797874450684 43.0955505371094 42.8113136291504 42.5270767211914 42.4206809997559 42.4206809997559 42.0111541748047 41.3141136169434 41 41 40.7491836547852 40.2585411071777 39.9023628234863 39.6959571838379 39.4557075500488 39.1714706420898 39 39 39 39 38.9338645935059 38.7274627685547 38.637580871582 38.8439826965332 39 39 39.1435585021973 39.8405990600586 40.5030059814453 40.9936447143555 41.4575271606445 41.7417640686035 41.9551162719727 41.4644775390625 41 41
42.9537925720215 42.890811920166 42.4001731872559 41.9133949279785 41.9560394287109 41.9986801147461 42 42 42.4567527770996 42.9473915100098 43 43 43.4193077087402 43.9099502563477 44.0348167419434 44.0774574279785 44.0869140625 44.0869140625 44.0869140625 44.0869140625 43.7125549316406 43.179271697998 42.6742973327637 42.1836585998535 42 42 41.7117385864258 41.2210998535156 40.9765739440918 40.9339294433594 40.6840667724609 40.2360725402832 40 40 39.8051681518555 39.3571739196777 39.069995880127 39.0273513793945 39 39 39 39 39 39 39 39 39.1010475158691 39.5916862487793 40.0823249816895 40.5729675292969 41.063606262207 41.5542449951172 41.9551162719727 41.4644775390625 41.0022735595703 41.0449180603027
42.6839370727539 42.3832168579102 41.892578125 41.4076080322266 41.6992950439453 41.9909820556641 42 42 42.4567527770996 42.9473915100098 43 43 43.4193077087402 43.9099502563477 44.238151550293 44.5298385620117 44.5945053100586 44.5945053100586 44.5945053100586 44.5945053100586 44.0453186035156 43.2629928588867 42.6742973327637 42.1836585998535 42 42 41.7117385864258 41.2210998535156 40.8397560119629 40.5480690002441 40.3037872314453 40.1048393249512 40 40 39.9134788513184 39.714527130127 39.4787826538086 39.1870956420898 39 39 39 39 39 39 39 39 39.1010475158691 39.5916862487793 40.0823249816895 40.5729675292969 41.063606262207 41.5542449951172 41.9551162719727 41.4644775390625 41.015552520752 41.307243347168
42.4683647155762 41.9777221679688 41.4870834350586 41.0031929016113 41.4437370300293 41.8842811584473 41.9464454650879 41.9965400695801 42.4567527770996 42.9473915100098 43 43 43.4193077087402 43.9099502563477 44.4005889892578 44.891227722168 45 45 45 45 44.3463172912598 43.4151306152344 42.7431411743164 42.2024078369141 41.9686584472656 41.9185638427734 41.6390724182129 41.1985244750977 40.7304611206055 40.2398223876953 40 40 39.9763031005859 39.9262084960938 39.8978996276855 39.8978996276855 39.7231216430664 39.2825736999512 39 39 39 39 39 39 39 39 39.1010475158691 39.5916862487793 40.0823249816895 40.5729675292969 41.063606262207 41.5542449951172 41.9596977233887 41.5191535949707 41.1255912780762 41.5661354064941
42.4683647155762 41.9777221679688 41.4870834350586 41.0013885498047 41.1928863525391 41.3843879699707 41.6801986694336 41.9793395996094 42.4567527770996 42.9473915100098 43 43 43.4193077087402 43.9099502563477 44.4005889892578 44.891227722168 45 45 45 45 44.5211448669434 43.8390045166016 43.0854110717773 42.2956314086914 41.8128356933594 41.5136947631836 41.2777976989746 41.086296081543 40.7304611206055 40.2398223876953 40 40 39.8584938049316 39.5593528747559 39.390308380127 39.390308380127 39.3143310546875 39.1228332519531 39 39 39 39 39 39 39 39 39.1010475158691 39.5916862487793 40.0823249816895 40.5729675292969 41.063606262207 41.5542449951172 41.9824829101562 41.7909812927246 41.6199035644531 41.8114051818848
42.3510780334473 41.8630485534668 41.4299545288086 41 41 41 41.475471496582 41.9661140441895 42.4567527770996 42.9473915100098 43 43 43.4193077087402 43.9099502563477 44.4005889892578 44.891227722168 45 45 45 45 44.655574798584 44.1649360656738 43.3867950439453 42.463062286377 41.810302734375 41.3196640014648 41.0834770202637 41.0259323120117 40.7304611206055 40.2398223876953 40 40 39.7679023742676 39.2772636413574 39 39 39 39 39 39 39 39 39 39 39 39 39.1010475158691 39.5916862487793 40.0823249816895 40.5729675292969 41.063606262207 41.5542449951172 42 42 42 42
41.8434829711914 41.3667640686035 41.1827163696289 41 41 41 41.475471496582 41.9661140441895 42.4567527770996 42.9473915100098 43 43 43.4193077087402 43.9099502563477 44.4005889892578 44.891227722168 45 45 45 45 44.655574798584 44.1649360656738 43.5521202087402 42.8774299621582 42.3178977966309 41.8272590637207 41.444751739502 41.1381607055664 40.7304611206055 40.2398223876953 40 40 39.7679023742676 39.2772636413574 39 39 39 39 39 39 39 39 39 39 39 39 39.1010475158691 39.5916862487793 40.0823249816895 40.5729675292969 41.063606262207 41.5542449951172 42 42 42 42
41.4683647155762 41 41 41 41 41 41.475471496582 41.9661140441895 42.4567527770996 42.9473915100098 43.0580253601074 43.1230239868164 43.5517807006836 44.042423248291 44.4799957275391 44.9056358337402 45 45 45 45 44.655574798584 44.1649360656738 43.6742973327637 43.1836585998535 42.6930198669434 42.2023773193359 41.7117385864258 41.2210998535156 40.7304611206055 40.2398223876953 40 40 39.7679023742676 39.2772636413574 39 39 39 39 39 39 39 39 39 39 39 39 39.1010475158691 39.5916862487793 40.0823249816895 40.5729675292969 41.063606262207 41.5542449951172 42 42 41.9965324401855 41.9315376281738
41.4683647155762 41 41 41 41 41 41.475471496582 41.9661140441895 42.4567527770996 42.9473915100098 43.2803688049316 43.594409942627 44.0593757629395 44.5500144958496 44.784252166748 44.9608497619629 45 45 45 45 44.655574798584 44.1649360656738 43.6742973327637 43.1836585998535 42.6930198669434 42.2023773193359 41.7117385864258 41.2210998535156 40.7304611206055 40.2398223876953 40 40 39.7679023742676 39.2772636413574 39 39 39 39 39 39 39 39 39 39 39 39 39.1010475158691 39.5916862487793 40.0823249816895 40.5729675292969 41.063606262207 41.5542449951172 42 42 41.9832534790039 41.6692123413086
41.4683647155762 41 41 41 41 41 41.475471496582 41.9661140441895 42.4567527770996 42.9473915100098 43.4380302429199 43.9286689758301 44.4193077087402 44.9099502563477 45 45 45 45 45 45 44.7064323425293 44.2882423400879 43.8219566345215 43.3313179016113 42.7953491210938 42.2322616577148 41.7543029785156 41.3361129760742 40.838321685791 40.2752342224121 40 40 39.7679023742676 39.2772636413574 39 39 39 39 39 39 39 39 39 39 39 39 39.1010475158691 39.5916862487793 40.0823249816895 40.5729675292969 41.063606262207 41.5542449951172 42 42 41.9738388061523 41.4831962585449
41.4683647155762 41 41 41 41 41 41.475471496582 41.9661140441895 42.4567527770996 42.9473915100098 43.4380302429199 43.9286689758301 44.4193077087402 44.9099502563477 45 45 45 45 45 45 44.8812599182129 44.7121124267578 44.3295478820801 43.8389091491699 43.1471214294434 42.3349876403809 41.9006233215332 41.7314758300781 41.2090950012207 40.3969650268555 40 40 39.7679023742676 39.2772636413574 39 39 39 39 39 39 39 39 39 39 39 39 39.1010475158691 39.5916862487793 40.0823249816895 40.5729675292969 41.063606262207 41.5542449951172 42 42 41.9738388061523 41.4831962585449
41.4683647155762 41 41 41 41 41 41.475471496582 41.9661140441895 42.4567527770996 42.9473915100098 43.4380302429199 43.9286689758301 44.4193077087402 44.9099502563477 45 45 45 45 45 45 45 45 44.6742973327637 44.1836585998535 43.3860359191895 42.4047584533691 42 42 41.5048141479492 40.6034355163574 40.1220016479492 40.0421028137207 39.8056983947754 39.3949584960938 39.1280975341797 39.0481986999512 39 39 39 39 39 39 39 39 39 39 39.1010475158691 39.5916862487793 40.1091384887695 40.7595748901367 41.368579864502 41.6994247436523 41.9926910400391 41.9127922058105 41.8195114135742 41.4886703491211
41.4683647155762 41 41 41 41 41 41.475471496582 41.9661140441895 42.4567527770996 42.9473915100098 43.4380302429199 43.9286689758301 44.4193077087402 44.9099502563477 45 45 45 45 45 45 45 45 44.6742973327637 44.1836585998535 43.3860359191895 42.4047584533691 42 42 41.6416320800781 40.9892959594727 40.5022811889648 40.1733360290527 39.923511505127 39.7618141174316 39.5273857116699 39.1984405517578 39 39 39 39 39 39 39 39 39 39 39.1010475158691 39.5916862487793 40.1927185058594 41.3412437438965 42.3191986083984 42.1519470214844 41.9699096679688 41.6409645080566 41.3384780883789 41.5057258605957
41.4683647155762 41 41 41 41 41 41.475471496582 41.9661140441895 42.4567527770996 42.9473915100098 43.4380302429199 43.9286689758301 44.3446578979492 44.7479476928711 44.8932838439941 44.9806365966797 45 45 45 45 45 45 44.6742973327637 44.1836585998535 43.4406890869141 42.546760559082 42.1267127990723 42.039363861084 41.7304611206055 41.2398223876953 40.7491836547852 40.2585411071777 40 40 39.7866249084473 39.2959861755371 39 39 39 39 39 39 39 39 39 39 39.1190376281738 39.6970252990723 40.4103546142578 41.7949256896973 42.9250717163086 42.3470802307129 41.7850723266602 41.3817863464355 41.0215034484863 41.4247932434082
41.4683647155762 41 41 41 41 41 41.475471496582 41.9661140441895 42.4567527770996 42.9473915100098 43.4380302429199 43.9286689758301 44.1318206787109 44.2860641479492 44.5890274047852 44.925422668457 45 45 45 45 45 45 44.6742973327637 44.1836585998535 43.5965118408203 42.9516258239746 42.4879875183105 42.1515922546387 41.7304611206055 41.2398223876953 40.7491836547852 40.2585411071777 40 40 39.7866249084473 39.2959861755371 39 39 39 39 39 39 39 39 39 39 39.1703300476074 39.9973640441895 40.8761596679688 42.0116844177246 42.8927841186523 42.0657501220703 41.3002624511719 41.1460189819336 41.0082244873047 41.162467956543
41.4683647155762 41 41 41 41 41 41.475471496582 41.9661140441895 42.3684997558594 42.7643356323242 43.3294486999512 43.9148864746094 44 44 44.3231887817383 44.7190246582031 44.8805656433105 44.9753646850586 45 45 44.9334487915039 44.8386497497559 44.5440101623535 44.1481704711914 43.6930198669434 43.2023773193359 42.7117385864258 42.2210998535156 41.7304611206055 41.2398223876953 40.7491836547852 40.2585411071777 40 40 39.7866249084473 39.2959861755371 39 39 39 39 39 39 39 39 39.0231399536133 39.1179428100586 39.375789642334 40.2622680664062 41.1487464904785 42.0352249145508 42.6918601989746 41.8053817749023 41 41 41 41
41.4683647155762 41 41 41 41 41 41.475471496582 41.9661140441895 42.1366539001465 42.283447265625 43.0441970825195 43.8786811828613 44 44 44.1198501586914 44.2666435241699 44.5668029785156 44.9106521606445 45 45 44.7586212158203 44.4147758483887 44.2017402648926 44.0549468994141 43.6930198669434 43.2023773193359 42.7117385864258 42.2210998535156 41.7304611206055 41.2398223876953 40.7491836547852 40.2585411071777 40 40 39.7866249084473 39.2959861755371 39 39 39 39 39 39 39 39 39.0839347839355 39.4277801513672 39.8320922851562 40.4695243835449 41.1069564819336 41.7443885803223 42.216552734375 41.5791206359863 41 41 41 41
41.4683647155762 41 41 41 41 41 41.475471496582 41.9661140441895 42 42 42.7847747802734 43.6637992858887 43.8789825439453 43.9812316894531 44 44 44.3022842407227 44.6906700134277 44.7915954589844 44.7915954589844 44.5189514160156 44.1305618286133 43.9321212768555 43.8298683166504 43.5485877990723 43.1602020263672 42.7117385864258 42.2210998535156 41.7304611206055 41.2398223876953 40.7491836547852 40.2585411071777 39.9516296386719 39.8493766784668 39.622688293457 39.2342987060547 39 39 39.0366668701172 39.138916015625 39.2084045410156 39.2084045410156 39.2084045410156 39.2084045410156 39.3032150268555 39.6916007995605 40.1010475158691 40.5916862487793 41.0823249816895 41.5729675292969 41.936393737793 41.4457550048828 41 41 41 41
41.4683647155762 41 41 41 41 41 41.475471496582 41.9661140441895 42 42 42.5624313354492 43.1924133300781 43.5842247009277 43.9355239868164 44 44 44.1084518432617 44.2477912902832 44.2840003967285 44.2840003967285 44.1861839294434 44.0468406677246 43.7667961120605 43.4155006408691 43.1968193054199 43.0574760437012 42.7117385864258 42.2210998535156 41.7304611206055 41.2398223876953 40.7491836547852 40.2585411071777 39.8338203430176 39.4825210571289 39.2234001159668 39.0840606689453 39 39 39.1259689331055 39.4772644042969 39.7159996032715 39.7159996032715 39.7159996032715 39.7159996032715 39.7500152587891 39.8893547058105 40.1010475158691 40.5916862487793 41.0823249816895 41.5729675292969 41.936393737793 41.4457550048828 41 41 41 41
41.5872344970703 41.2235908508301 41.2235908508301 41.2235908508301 41.2235908508301 41.2235908508301 41.5927543640137 41.973690032959 42 42 42.4380302429199 42.9286689758301 43.325553894043 43.7064895629883 43.7764091491699 43.7764091491699 43.7764091491699 43.7764091491699 43.7764091491699 43.7764091491699 43.7764091491699 43.7764091491699 43.4507026672363 42.9600639343262 42.7764091491699 42.7764091491699 42.4881477355957 41.9975090026855 41.5068664550781 41.016227722168 40.5255889892578 40.0349502563477 39.5962066650391 39.2152709960938 39 39 39 39 39.1365966796875 39.5175323486328 39.8467102050781 40.0661163330078 40.2235908508301 40.2235908508301 40.2235908508301 40.2235908508301 40.3246421813965 40.8152809143066 41.2875099182129 41.6684494018555 41.936393737793 41.4457550048828 40.9899635314941 40.8802604675293 40.7764091491699 40.7764091491699
41.8570899963379 41.7311859130859 41.7311859130859 41.7311859130859 41.7311859130859 41.7311859130859 41.859001159668 41.9908905029297 42 42 42.4380302429199 42.9286689758301 43.1127166748047 43.2446060180664 43.2688140869141 43.2688140869141 43.2688140869141 43.2688140869141 43.2688140869141 43.2688140869141 43.2688140869141 43.2688140869141 42.9431114196777 42.4524726867676 42.2688140869141 42.2688140869141 41.9805526733398 41.4899139404297 40.9992752075195 40.5086364746094 40.0179977416992 39.5273551940918 39.2064247131348 39.0745315551758 39 39 39 39 39.0472946166992 39.1791839599609 39.4987144470215 40.2162132263184 40.7311859130859 40.7311859130859 40.7311859130859 40.7311859130859 40.8322334289551 41.3228721618652 41.7533149719238 41.8852081298828 41.936393737793 41.4457550048828 40.9671821594238 40.6084327697754 40.2688140869141 40.2688140869141
42 42 42 42 42 42 42 42 42 42 42.4380302429199 42.9286689758301 43 43 42.9043464660645 42.7871932983398 42.7612190246582 42.7612190246582 42.7612190246582 42.7612190246582 42.7612190246582 42.7612190246582 42.5132904052734 42.1398048400879 42 42 41.7117385864258 41.2210998535156 40.7304611206055 40.2398223876953 39.8090705871582 39.4355888366699 39.1833610534668 39.0662040710449 39.0509490966797 39.1681022644043 39.2387809753418 39.2387809753418 39.2807884216309 39.3979415893555 39.7169036865234 40.4638748168945 41 41 41 41 41.1010475158691 41.5916862487793 42 42 41.936393737793 41.4457550048828 40.9551162719727 40.4644775390625 40 40
42 42 42 42 42 42 42 42 42 42 42.4380302429199 42.9286689758301 43 43 42.7010116577148 42.3348121643066 42.2536277770996 42.2536277770996 42.2536277770996 42.2536277770996 42.2536277770996 42.2536277770996 42.1710205078125 42.0465812683105 42 42 41.7117385864258 41.2210998535156 40.7304611206055 40.2398223876953 39.9363861083984 39.8119468688965 39.5731430053711 39.2069435119629 39.1592559814453 39.5254592895508 39.7463722229004 39.7463722229004 39.877685546875 40.2438850402832 40.5724906921387 40.8213691711426 41 41 41 41 41.1010475158691 41.5916862487793 42 42 41.936393737793 41.4457550048828 40.9551162719727 40.4644775390625 40 40
42 42.0056571960449 42.1302642822266 42.2539672851562 42.2539672851562 42.2539672851562 42.2539672851562 42.2539672851562 42.2539672851562 42.2539672851562 42.580753326416 42.9467849731445 42.8935089111328 42.7689056396484 42.4471817016602 42.0811462402344 42 42 42 42 42 42 41.9172821044922 41.7926750183105 41.7460327148438 41.7460327148438 41.5309829711914 41.1649475097656 40.7989158630371 40.4328804016113 40.1902656555176 40.0656623840332 39.7679023742676 39.2772636413574 39.2133750915527 39.7040138244629 40 40 40.1759338378906 40.6665725708008 41 41 41 41 41 41 41.1010475158691 41.5916862487793 42 42 41.936393737793 41.4457550048828 40.9551162719727 40.4644775390625 40 40
42 42.0169639587402 42.3906173706055 42.7615585327148 42.7615585327148 42.7615585327148 42.7615585327148 42.7615585327148 42.7615585327148 42.7615585327148 42.8660049438477 42.9829902648926 42.6806716918945 42.3070182800293 42.1429252624512 42.025936126709 42 42 42 42 42 42 41.7519569396973 41.3783073425293 41.2384414672852 41.2384414672852 41.1697082519531 41.0527191162109 40.9357299804688 40.8187408447266 40.5705451965332 40.1968955993652 39.7679023742676 39.2772636413574 39.2133750915527 39.7040138244629 40 40 40.1759338378906 40.6665725708008 41 41 41 41 41 41 41.1010475158691 41.5916862487793 42 42 41.936393737793 41.4457550048828 40.9551162719727 40.4644775390625 40 40
