data/UserDefined/sediment.asc
NCOLS 400 
NROWS 400 
XLLCORNER 3976618.40818195 
YLLCORNER 3363922.87082193 
CELLSIZE 400 
NODATA_value -9999 
[rows 260 to 279 of 400, columns 322 to 367 of 400]
1.61550816692806 1.61058651061891 1.60562143759844 1.77744964936132 1.97184937016859 2.16871561640408 2.36804149084339 2.56982009599305 2.77404453409619 3.00202056440734 3.27860257961391 3.5550481171046 3.83135751732356 4.10753112073237 4.38356926780365 4.65947229902519 4.43144854620215 4.00465058962816 3.57543461859254 3.14380751335902 2.70977615445296 2.27334742265946 1.8949485852647 1.9177695027123 1.94075737196307 1.96391170750436 1.98723202380526 2.01071783531665 2.03436865647135 2.05874285230423 2.08368494705465 2.10870288383935 2.13379643481658 2.15896537213617 2.18420946793958 2.20952849435999 2.23479829483756 2.25998480756951 2.28509064514945 2.31011604163082 2.33506123107498 2.35992644755213 2.3759238716037 2.37653290934969 2.37688493260802 2.37698071150512
1.59799779971577 1.59354042005557 1.58903963655832 1.74392559897763 1.91084379706424 2.08022777146328 2.25207062655615 2.42636546645666 2.60310539501064 2.8169222357213 3.09485150570623 3.37264433595068 3.65030106682357 3.9278220387038 4.20520759198844 4.48245806708404 4.24452369357526 3.84514265996 3.44334434278842 3.03913562072011 2.63252337267847 2.2235144778453 1.88775101601118 1.90863763816922 1.92969116131927 1.95091110006177 1.97229696897886 1.99384828263466 2.0155645555752 2.03865130586903 2.0626853081166 2.08679512901112 2.11098054076401 2.1352413155785 2.15957722564891 2.18398804316186 2.21018149349706 2.23629916033175 2.26233617605685 2.28829277467093 2.31416919018123 2.3399656566032 2.35675436385706 2.36042964936904 2.36384799808242 2.36701017994393
1.58053010072833 1.57653691936675 1.57250034703697 1.70789042272486 1.84733173606884 1.98923807690834 2.13360255122949 2.28041826475112 2.42967832292624 2.63194519978021 2.91122149801791 3.19036139447748 3.46936522944779 3.74823334323135 4.02696607614519 4.30556376851598 4.06004346989167 3.68807472935769 3.31368943587943 2.93689446651727 2.55769669859024 2.17610300967845 1.88038297753396 1.89933563109096 1.91845513484908 1.93774100352177 1.95719275180427 1.976809894374 1.99659194588982 2.01848079798744 2.04160686118299 2.06480871964797 2.08808614564658 2.11143891143519 2.13486678926143 2.15851494806015 2.18564447278408 2.21269313649589 2.23966117313099 2.26654881663316 2.29335630095524 2.32008386005832 2.33784453908386 2.34458555426531 2.35106971030618 2.35729777697373
1.56310505677189 1.55957599538275 1.55984700206422 1.66934489607464 1.78131396120313 1.89574730530881 2.0126380359827 2.13197926054683 2.25376408605937 2.44708941889975 2.72771251893472 3.00819925514099 3.28854996772702 3.56876499691518 3.84884468294376 4.12878936606211 3.87800711989827 3.53344604401428 3.18646914550985 2.83708329984205 2.48529538272894 2.13111227014846 1.87284452248291 1.88986353402516 1.90704934499794 1.9244014702276 1.94191942452252 1.95960272267298 1.9774508794513 1.9982313530295 2.02044963057664 2.04274368002464 2.06511327369105 2.08755818388507 2.11007818290761 2.13312686767432 2.1611872080214 2.18916671143382 2.21706561179278 2.24488414298774 2.27262253891666 2.3002810334862 2.31919431702579 2.32900054394242 2.33854998934539 2.34784342282295
1.54572265465734 1.54265763493923 1.5462587634867 1.62828979418357 1.71279124617489 1.79975622892233 1.88917785162194 1.98104922320011 2.07536345231701 2.26235485540881 2.54432453086003 2.82615788041332 3.10785524420009 3.38941696236491 3.67084337506646 3.95213482247544 3.69841388864568 3.38125585043091 3.0616827196272 2.73970137009142 2.41531867594005 2.08854151154977 1.86513570348659 1.88022139949827 1.89547384418995 1.91089255250113 1.9264770393532 1.94222681964932 1.95814140827491 1.97790299535675 1.99921364061061 2.02060003440625 2.04206194911423 2.06359915709699 2.08521143070822 2.10781867568884 2.13680967454129 2.1657198605274 2.19454946747349 2.2232987292147 2.25196787959477 2.28055715246597 2.30080361745702 2.31367453833664 2.3262887552989 2.33864703775245
1.52838288120144 1.52578182487732 1.53015709118146 1.58472589189441 1.64176436437637 1.701265619693 1.76322276864212 1.82762892175422 1.89447718929379 2.07774147165349 2.36105749620694 2.64423723278082 2.92728102142733 3.21018920221231 3.49296211521477 3.77560010052778 3.52126302149369 3.23150339541418 2.93932940648592 2.64474792696689 2.34776582937265 2.04838998647934 1.85725657315213 1.87040928001517 1.88372868482799 1.89721430264296 1.91086564849466 1.9246822373992 1.93866358435478 1.95749574931997 1.97789891558793 1.99837780704771 2.01893219612335 2.03956185522997 2.06026655677459 2.08259034739712 2.11251184768658 2.1423525591681 2.17211271561398 2.2017925508046 2.23139229852931 2.26091219258574 2.28267236018446 2.29860745741707 2.31428592829752 2.32970854205545
1.51087962403186 1.50865490871328 1.51163217596136 1.53954667367938 1.56823408888724 1.60027624925004 1.63477355722413 1.6717191249427 1.71110606427281 1.89324922999177 2.17791137740684 2.46243727474405 2.74682726197964 3.0310816790992 3.31520086610296 3.59918516300388 3.34655376410781 3.08418792607418 2.81940845464414 2.55222222047406 2.2826360944802 2.01065694783763 1.84920718406538 1.86042722805955 1.87181391929351 1.88336677293274 1.8950853041244 1.90696902799765 1.91901745966386 1.93700963926042 1.95650547980164 1.97607702219434 1.99572403891558 2.01544630243339 2.03524358520767 2.05744185810258 2.08829370280964 2.11906478275792 2.14975533166514 2.18036558325723 2.21089577126922 2.24134612944414 2.26480046504747 2.2837992211851 2.30254142850505 2.32102785605772
1.49233314834281 1.48940676642571 1.49295820829256 1.51973991358565 1.54662185141526 1.57360373786926 1.60068528902471 1.62786622094772 1.65514624969307 1.8273431116461 2.08855213572502 2.35184359297008 2.61721159213447 2.88465024174524 3.15415365010417 3.41000976926979 3.17587005614857 2.93956210234291 2.70109205930663 2.46046607872529 2.21769031251927 1.97277091284019 1.83904030885299 1.84958580625644 1.85982430443746 1.86975668833135 1.87938384290616 1.88908724349878 1.89920308615391 1.91644468950939 1.93503335753518 1.95369770408155 1.97243750167819 1.99125252284637 2.01014254009916 2.03237318311837 2.06415521527318 2.0958565067085 2.1274772910878 2.15901780208275 2.19047827337381 2.22185893864984 2.24718785191783 2.26924974967458 2.29105517611724 2.31260490011702
1.4737222600188 1.47009432979822 1.47418058409278 1.49982968805073 1.52557899381284 1.55142821753302 1.57737707535453 1.60342528340908 1.62957255781815 1.79611866773343 2.03383736851265 2.27363787035208 2.51551428337525 2.75946071747991 3.00547128233988 3.21895218709374 3.00933730942199 2.7975548453781 2.58361094498373 2.36751175849229 2.14926343639276 1.92887212940415 1.82088268926267 1.83495451011437 1.84871942451274 1.86217831718698 1.87533207289931 1.88818157644493 1.90072771265211 1.91517834919282 1.93013061966548 1.94534116473737 1.9608092258877 1.97653404456769 1.99251486220074 2.01241868813992 2.04135025021424 2.07068975431662 2.1004359832072 2.13058771960176 2.16114374617208 2.19210284554576 2.21969774839592 2.24564899376709 2.27145174675272 2.29710644318518
1.45504697892183 1.45071761865587 1.45529933533332 1.47981602898625 1.50443289372309 1.52914964576395 1.55396600131799 1.57888167658329 1.60389638774709 1.76277357646677 1.9770059159804 2.19331942469974 2.41170821411862 2.63216639550633 2.85468807990489 3.03008345741574 2.84498927794538 2.65772816615405 2.46830627063086 2.27672974020162 2.08300472392048 1.88713737107706 1.80303550217539 1.82063305159187 1.83792378728713 1.85490859378441 1.87158835564014 1.88796395744357 1.90403628381702 1.91599790858824 1.9279268134932 1.94011391468512 1.95255845381979 1.96525967252505 1.97821681240099 1.99500313933169 2.01908316968096 2.04357101802779 2.06846546741626 2.09376530084544 2.11946930127064 2.14557625160284 2.17302480583015 2.20071185229435 2.22825045057994 2.25564103641796
1.43630732490594 1.43127665281581 1.43631449397239 1.45969896829049 1.48318358298476 1.50676805434115 1.53045209863502 1.55423543213013 1.57811777108004 1.72730849231689 1.91805843135998 2.1108889080061 2.30579403511935 2.50276792533727 2.70180469107394 2.84340290443355 2.68282528720836 2.52008139145349 2.35517736432809 2.18811935322497 2.01891350576952 1.84756596982003 1.78549865174112 1.80662133502482 1.82743729728255 1.84794742283178 1.86815259602291 1.88805370123952 1.907651622898 1.91655492734968 1.92546097685351 1.93462514436324 1.94404667171118 1.95372480070175 1.96365877311143 1.97717126844735 1.99640058590438 2.01603759737852 2.0360810861966 2.05652983564135 2.07738262895174 2.09863824932158 2.12649869316188 2.15592124780131 2.18519539845131 2.21432158074139
1.41750331781701 1.41177145208703 1.41722609195514 1.43947853784921 1.46183109342374 1.48428347503088 1.5068353990117 1.52948658169634 1.55223673940397 1.68972406948884 1.85699556761837 2.02634697200056 2.19777239686724 2.37126595622632 2.54682176386109 2.65890985261917 2.52284466297748 2.38461384833631 2.24422355442509 2.10167992720728 1.95698911287829 1.81015725786492 1.76827204214854 1.79291926478804 1.81725985905991 1.84129470907579 1.86502469898046 1.88845071295167 1.91122458013088 1.91684948652136 1.92273319063105 1.92887493449674 1.93527396012723 1.94192950950336 1.94884082457814 1.95892320399184 1.97330262713361 1.98808962036112 2.00328296728442 2.01888145146955 2.03488385643862 2.05128896566916 2.08011936500785 2.11127713499593 2.14228654516658 2.17314803104765
1.398634977493 1.39220203627041 1.39803416121411 1.41915476953509 1.44037545685324 1.46169593958642 1.48311593414205 1.50463515691592 1.52625332429344 1.65002096192249 1.79381797745868 1.93969426814686 2.08764394958933 2.23766113716169 2.38973994601628 2.47660362671787 2.36504673128861 2.25132486413152 2.13544416954575 2.0174107920656 1.89723087645642 1.77491056771508 1.75135557762523 1.77952674529496 1.8073913772185 1.83495035730182 1.86220456948414 1.88915489773738 1.91427851787572 1.91688166711462 1.91974353567765 1.92286336577791 1.92624039960064 1.9298738793031 1.93376304701469 1.94025907441826 1.94978942156551 1.95972721491653 1.97007123836455 1.9808202757589 1.99197311090416 2.00352852756202 2.03388677600298 2.06677946860479 2.09952384554394 2.13212034224631
1.37970232376373 1.37256842515885 1.37873873366849 1.39872769520776 1.41881670507302 1.43900547974835 1.45929373570657 1.47968118940998 1.50016755730978 1.60819982329277 1.72852631331764 1.85093144764649 1.97540934324899 2.10195411687031 2.23055988503066 2.29648355174802 2.20943081845477 2.12021376644349 2.02883853858672 1.93531127798832 1.8396381279849 1.74182523214395 1.73474916243769 1.7664436809979 1.79783175639653 1.82891427233402 1.85969211254389 1.89016616079251 1.91706964836381 1.91665155010794 1.91649209281228 1.9165905188663 1.91694607063152 1.91755799044154 1.91842552060213 1.92117900812744 1.92586109734504 1.93095050893374 1.93644602706967 1.94234643588547 1.94865051946915 1.95535706186456 1.98780088080034 2.02242820337313 2.05690725442003 2.09123846926577
1.36070537645095 1.35287063853736 1.35933984122469 1.37819734671403 1.39715486987051 1.41621212724406 1.43536883537352 1.45462471078705 1.4739794700015 1.56426130700887 1.66112122736905 1.76005916143506 1.86106922754572 1.96414554381277 2.0692822281252 2.11854895300301 2.05599625105758 1.99127988314766 1.92440599071479 1.85538071543493 1.78421019921559 1.71090058419593 1.71845270089101 1.75366997638779 1.78858090127083 1.82318635903493 1.85748723320816 1.89148440735135 1.91959805270019 1.91615921644696 1.91297894282124 1.91005647438871 1.90739105368718 1.90498192322655 1.90282832548888 1.90168313346837 1.90151778256501 1.90175963024937 1.90240746098104 1.9034600591748 1.90491620920197 1.90677469538989 1.94186163407218 1.97822329406442 2.01443672664994 2.05050236705242
1.34164415536838 1.33310869618272 1.33983751577625 1.35756375588782 1.37538998301992 1.39331591378824 1.41134126479779 1.42946575264229 1.4476890939049 1.51820606621604 1.5916033715207 1.66707806018499 1.74462425191445 1.82423606618983 1.90590762226558 1.94279915604936 1.90474235595824 1.86452254239381 1.82214585537047 1.77761843513668 1.73094642217124 1.68213595718546 1.70246609732932 1.74120553599456 1.77963871655684 1.81776652230577 1.85558983656389 1.89310954268662 1.92186381195699 1.91540474704447 1.90920416645791 1.90326131293923 1.89757542920242 1.89214575793353 1.88697154179094 1.88177157873748 1.87675960526637 1.87215470664899 1.86795566762766 1.86416127290023 1.86077030712079 1.85782466714432 1.896068990508 1.9341646954599 1.97211221710665 2.00991199057117
1.32251868032182 1.31328261786376 1.32023178920361 1.33682695455004 1.35352207628253 1.37031687108292 1.38721105562162 1.40420434655859 1.42217874213911 1.47003475379413 1.51997339741691 1.57198879430465 1.62607506552933 1.68222633193745 1.74043671415157 1.76923348672493 1.75566846028456 1.73994107260139 1.72205746226592 1.70202376809663 1.67984612914624 1.65553068469765 1.6867892561355 1.72905026438644 1.77100510700863 1.81265466708627 1.85399982773653 1.89504147210947 1.92386700717348 1.91438822278048 1.90516784444309 1.89620511507933 1.88749927757929 1.87904957480527 1.87085524959181 1.86144447217965 1.85158669343817 1.84213586586577 1.83309077448733 1.82445020428371 1.81621294019161 1.81044487304779 1.85042290481671 1.89025236235953 1.92993368068187 1.96946729480476
1.30609670665498 1.29339242334121 1.30052269337438 1.31598697450887 1.33155118140719 1.34721503081691 1.36297823947465 1.37884052410583 1.39534608903504 1.41974802235819 1.4462319564384 1.47479201393914 1.5054223172987 1.53811698872883 1.57287015022 1.59785127114488 1.60877389143828 1.617534802464 1.62414014138345 1.62859604558855 1.63090865270473 1.63108410058778 1.67142208173109 1.71720406617065 1.76267997741892 1.80785069835474 1.85271711188999 1.89728010096943 1.92560771935603 1.91310972450219 1.90087005746474 1.88888796133775 1.87716267918745 1.86569345405209 1.85447952894234 1.84070194198766 1.82599917501749 1.81170323558099 1.79781290898576 1.7843269804951 1.77124423532842 1.7632118838102 1.80492333172528 1.84648624958201 1.88790107228511 1.92916823475452
1.39296909936253 1.37918546199103 1.37594163377007 1.37762613685274 1.38023212759197 1.38375705619845 1.38819837278336 1.39355352735962 1.40067588496197 1.41444355202309 1.42814822893632 1.44179009848343 1.4553693434532 1.46888614664116 1.48234069085005 1.49869157883931 1.51776099561195 1.53684717270085 1.55595006859548 1.57506964178367 1.59420585075109 1.61335865398264 1.65869865773164 1.70608681833191 1.75466323261905 1.80335452112804 1.85174159422662 1.89982533465438 1.92708602947821 1.91156933302402 1.89631088617812 1.8813099322106 1.86656571436369 1.85207747585168 1.8378444598612 1.81954411630209 1.79999717788957 1.78085694342446 1.76212219849717 1.74379172865308 1.72586431939439 1.71612565408534 1.75957022597828 1.80286631196381 1.84601434684456 1.88901476544016
1.47993026079553 1.46711454294241 1.45697209185922 1.44848152961518 1.44091217744727 1.43426148615782 1.42852690645032 1.42370588893009 1.42277679477222 1.4372733279589 1.45170689043805 1.46607766494878 1.48038583423763 1.49463158105757 1.50881508816894 1.52564059363961 1.54454374924922 1.56346366054814 1.58240028603577 1.60135358420922 1.62032351356433 1.63931003259543 1.68776467117894 1.73708705568604 1.78624437750394 1.83523712174699 1.88406577354745 1.93273081805584 1.95586406489486 1.93544523170479 1.91533303886546 1.89552659625844 1.87602501373203 1.85682740110199 1.83793286815138 1.81709404867497 1.7952878055247 1.77311403177658 1.75057382442018 1.72766828048471 1.70439849703958 1.69188530386097 1.73332886972471 1.77458475964416 1.81565354974419 1.85653581616974
