data/UserDefined/sediment.asc
NCOLS 400 
NROWS 400 
XLLCORNER 3976618.40818195 
YLLCORNER 3363922.87082193 
CELLSIZE 400 
NODATA_value -9999 
[rows 360 to 379 of 400, columns 230 to 275 of 400]
3.33192969252154 3.33931910270958 3.34700094206921 3.35497453503733 3.35415563649029 3.35176048734824 3.34906873175496 3.34608109132119 3.34279828769064 3.33922104253922 3.33685976784335 3.3396346541381 3.34243949826209 3.34527424694988 3.34813884692921 3.35103324492865 3.35395738767238 3.35660043114812 3.359025938673 3.36145913563995 3.36390002205622 3.3663485979278 3.36880486326156 3.37126881806313 3.28321461731085 3.18908147043458 3.09614309975059 3.00439658037176 2.91383898728521 2.82446739535278 2.75330624255525 2.72696219166181 2.70073395507496 2.67462124738162 2.64862378315648 2.62274127696219 2.59697344334921 2.58598317893718 2.58379289493012 2.5817834651406 2.57995443544211 2.57830535168902 2.57683575971665 2.57554520534118 2.55428364751982 2.53251824849909
3.41498081075993 3.41964906250029 3.42460965726702 3.42986191965103 3.43099939534247 3.43151035577477 3.43172479984925 3.43164344901178 3.43126702474111 3.43059624854659 3.43062921384754 3.43318941299418 3.43577956258148 3.43839960935345 3.4410495000525 3.44372918141794 3.44643860018767 3.44897377041224 3.45139913329103 3.45383218486597 3.45627292514418 3.45872135413238 3.46117747183677 3.4636412782628 3.35905947454023 3.25315361351707 3.14844217226877 3.04492222657843 2.94259085210429 2.84144512437888 2.76510503054565 2.73761283747017 2.71023642424038 2.6829755055086 2.65582979591515 2.62879901008804 2.60188286264318 2.59044560745614 2.58642741863414 2.58259002993832 2.57893298734635 2.57545583681679 2.57215812428916 2.56850405052443 2.54820913781503 2.52778288380158
3.4565963509503 3.46490410668519 3.47333794974786 3.48189757588971 3.49075869141167 3.49963072421688 3.50850861922396 3.5173923557792 3.52004088693637 3.52227609691617 3.52437617244496 3.52672172010955 3.52909721082754 3.53150259135573 3.53393780844857 3.53640280885762 3.53889753933173 3.54134707492279 3.54377229318116 3.5462051993907 3.54864579355798 3.55109407568942 3.55355004579086 3.55257404878509 3.43370044310856 3.31602382434863 3.19954126908626 3.08424985377533 2.97014665474418 2.85722874819587 2.77678760552066 2.74814746105492 2.71962306198764 2.69121412303661 2.66292035890736 2.63474148429343 2.60667721387618 2.59472511389998 2.58887932421958 2.58321428059527 2.57772952910889 2.57242461582318 2.56729908678188 2.56122312434877 2.5422670946 2.52317976278038
3.42675022180716 3.43383214649629 3.44104012026633 3.44841781667306 3.45720052667433 3.46598911719591 3.47478356759 3.48358385720822 3.49238996540094 3.5012018715178 3.5097119724759 3.51779521562636 3.52598252060052 3.53427363019161 3.54266828718168 3.55116623434136 3.5597672144307 3.56838213686242 3.5770887335125 3.58592303201166 3.59488471314101 3.60397345766822 3.6131889463477 3.61224494335885 3.49143013198816 3.36969509753446 3.24704209047543 3.12237982807439 2.99650676071166 2.87181863170532 2.7883540030068 2.75856609788388 2.72889390372556 2.6993371353152 2.66989550742368 2.64056873480999 2.61135653222079 2.59882175417376 2.5911486674974 2.58365627282835 2.57634411635259 2.56921174423701 2.56225870262944 2.55407484690375 2.53645747738652 2.5187088450162
3.3967737593688 3.40263005653454 3.40861236454919 3.41493425237032 3.42363353630415 3.43233869842549 3.44104971809115 3.44976657465739 3.45848924747959 3.46721771591204 3.47518871413961 3.48223569626532 3.4893867084806 3.49664149363702 3.50399979457594 3.51146135412676 3.51902591510816 3.52640267536498 3.53382334991202 3.54137168736807 3.5490473685874 3.55685007441131 3.56477948566615 3.55727558204624 3.44552790787886 3.33286028528142 3.21927496421545 3.10477419473955 2.98936022700918 2.87303531127606 2.79790877960683 2.76819643442619 2.73845805245743 2.7086937004582 2.67890344518916 2.64908735341367 2.61924549189801 2.60604893468984 2.59640551061428 2.58689908462121 2.57752931425414 2.56829585704209 2.55919837049967 2.54879336581469 2.53185252577093 2.51492974055351
3.36666700340271 3.37129787650435 3.37605472223842 3.38144185121583 3.39005772296045 3.39867947056048 3.40730707337791 3.41594051077327 3.42457976210686 3.43322480673798 3.4405570455484 3.44656793875025 3.4526828303193 3.45890146316673 3.46522358019213 3.47164892428475 3.47817723832107 3.48429021107373 3.49042517713691 3.49668776718451 3.50307766214395 3.50959454292945 3.51623809044081 3.50323499043517 3.40055294670513 3.29695122908976 3.19243208703485 3.08699777008333 2.9806505278744 2.87339261014385 2.80709201612999 2.77764946259985 2.74818088025814 2.71868633584727 2.68916589611246 2.65961962780178 2.6300475976662 2.61667213267337 2.60565001002914 2.59476484464218 2.58401629413448 2.57340401611366 2.56292766817288 2.55102071707236 2.53389776672619 2.51679286585389
3.33642999366116 3.33983564609528 3.34336723296038 3.34794061587165 3.35647308930081 3.36501143625477 3.37355563609944 3.38210566820088 3.39066151192376 3.39922314663194 3.4058169997726 3.41079197609748 3.41587091908028 3.42105357169085 3.42633967688805 3.43172897761923 3.43722121682081 3.4420447845651 3.44689425569788 3.45187131190562 3.45697563418899 3.46220690353525 3.46756480091767 3.45012288479744 3.35650496520473 3.26196764616342 3.16651317660365 3.07014380555252 2.97286178213358 2.874669355567 2.8163026113639 2.78712980456292 2.75793097692383 2.7287061951737 2.69945552604235 2.67017903626263 2.64087679257005 2.62715744180726 2.61475684971447 2.60249317406983 2.59036607257383 2.57837520291254 2.56652022275762 2.55323006765498 2.53592503722923 2.51863805092699
3.30606276987995 3.30824340498044 3.31054993632544 3.31443054899886 3.32287963798245 3.33133459816052 3.33979540890435 3.34826204958414 3.35673449956956 3.36521273822923 3.37096860986878 3.37490784131094 3.37895100771391 3.38309785210706 3.38734811750736 3.39170154692151 3.39615788334486 3.39966643639954 3.40323062608895 3.40692236195933 3.41074132508494 3.41468719652549 3.41875965732732 3.39793898151957 3.31338368022971 3.22790925381958 3.14151795070449 3.05421201939552 2.96599370850107 2.87686526672549 2.82554055696585 2.79663745198669 2.76770833413956 2.73875327013635 2.70977232669162 2.6807655705228 2.65173306835014 2.63750490422558 2.62372607173364 2.61008411489669 2.59657869149374 2.58320945928939 2.56997607603379 2.55542142306656 2.53793434277469 2.52046530125809
3.27556537177905 3.27652119281685 3.27760287192786 3.28091165325782 3.28927737166099 3.29764895892946 3.30602639443946 3.31440965756595 3.32279872768326 3.33119358416488 3.33601190888039 3.33891556738068 3.34192312915768 3.34503433729905 3.34824893488103 3.35156666496923 3.35498727061758 3.35715520712108 3.35943432878832 3.36184095775815 3.3643747751777 3.36703546217974 3.36982269988393 3.34668299710161 3.2711888087448 3.19477576948905 3.11744612723333 3.03920212997414 2.96004602580406 2.87998006291225 2.83480584459648 2.80617239654548 2.77751294359374 2.74882755243764 2.72011628977652 2.69137922231245 2.66300858296465 2.64771456204568 2.63255771813299 2.61753770909829 2.60265419279902 2.58790682707815 2.57329526976439 2.55759478880884 2.53992568885501 2.52227462233025
3.24493783906249 3.24466904924584 3.24452607934633 3.24738393130713 3.25566629299076 3.26395452121187 3.27224859535115 3.28054849478828 3.28885419890238 3.29716568707158 3.30094692983774 3.30281518728426 3.30478731633551 3.30686306013823 3.30904216182735 3.31132436452714 3.31364465746239 3.31451113725726 3.31550540425767 3.31662713969765 3.31787602479718 3.31925174076214 3.32075396878551 3.29635464815649 3.22992006782942 3.16256691071563 3.09429742419971 3.02511385576284 2.95501845298253 2.88401346353263 2.84409846591971 2.81573462991723 2.78734479697796 2.75892903378299 2.73048740701638 2.70201998336483 2.67445821996059 2.65778645736805 2.64125183094226 2.62485399863353 2.60859261837762 2.59246734809597 2.57647784569574 2.55975017038138 2.54189908096034 2.52406601962432
3.21418021141838 3.21268701389301 3.21131959814334 3.21384738580494 3.22204640462596 3.23025128765728 3.2384620142845 3.24667856389194 3.25490091586338 3.26312904958152 3.26577370575782 3.2666067339852 3.26754360215802 3.26858405348154 3.26972783115015 3.27097467834664 3.27215238998109 3.27173426731949 3.2714438929427 3.27128094815755 3.27124511425719 3.2713360725205 3.27155350421364 3.24695365141178 3.18957717467513 3.13128239515644 3.07207155972587 3.01194691534917 2.95091070908916 2.88896518810463 2.85341841260295 2.82532414378314 2.79720388598737 2.76905770588146 2.740885670134 2.7126878454166 2.68576990772145 2.66772063227608 2.64980845217415 2.63203302544429 2.61439401010074 2.59689106414326 2.57952384555745 2.56188757328152 2.54385452457874 2.52583949861898
3.18329252851897 3.18057512636764 3.17798346786579 3.18030201940788 3.18841770921871 3.19653926091388 3.20466665388314 3.2127998675163 3.22093888120136 3.22908367432616 3.23049226964417 3.23029024043416 3.2301920195227 3.23019735017414 3.23030597564132 3.23051763916586 3.23052714971321 3.22882463780302 3.22724983527253 3.22580242350118 3.22448208385508 3.22328849768653 3.22222134633386 3.19847972370826 3.15015984658767 3.10092194058215 3.050768252047 2.99970102743348 2.94772251328934 2.89483495625864 2.86276567631679 2.8349409298278 2.80709020232038 2.77921356044525 2.75131107085565 2.72338280020773 2.69694368838458 2.6775171288365 2.65822762382457 2.63907483145581 2.62005840982274 2.60117801700358 2.58243331106227 2.56400700300443 2.54579202519598 2.5275950647907
3.15227483002082 3.14833342626355 3.14451772804483 3.1467478347718 3.15478020942066 3.16281844362864 3.17086251679055 3.17891240830036 3.18696809755114 3.19502956393549 3.19510265448728 3.19386573956835 3.19273260131412 3.19170298304691 3.19077662807874 3.18995327971025 3.18876897720343 3.18578228918703 3.18292327166023 3.18019160607574 3.17758697387238 3.17510905647528 3.17275753529609 3.15093258200023 3.11166780098592 3.07148526487635 3.03038721951168 2.98837591082886 2.94545358486103 2.9016224877376 2.87214024873534 2.84458497973888 2.81700373767863 2.7893965891899 2.76176360091058 2.73410483948159 2.7079796040705 2.68717598909905 2.66650938787256 2.6459794585763 2.6255858593812 2.6053282484438 2.58520628390632 2.56610846504303 2.54771158829567 2.52933272361373
3.12926992284498 3.12254277042193 3.11571064747693 3.11584168969302 3.12159374382642 3.12908883844801 3.13704960564815 3.14501618888149 3.15298856754581 3.16096672103829 3.15960489326434 3.15733326431257 3.15516538040315 3.15310098491813 3.15113982122783 3.14928163269156 3.14687791297983 3.14260726193377 3.1384642425029 3.13444853621218 3.13055982457418 3.12679778908636 3.12316211123383 3.10431194335509 3.07410075540237 3.04297208603566 3.01092818058116 2.97797128446122 2.94410364319479 2.90932750239671 2.88154212153586 2.8542562852078 2.8269444837673 2.79960678383435 2.77224325203161 2.74485395498478 2.71887769688284 2.69669725509671 2.67465378628032 2.6527469486974 2.63097640059696 2.60934180021398 2.58784280576899 2.56819196488806 2.54961321935925 2.53105248056016
3.13514755008561 3.12942694521703 3.1236014013059 3.12422515757102 3.12906048783806 3.13399207516388 3.13901969230338 3.14414311200139 3.14936210699273 3.15467645000207 3.15041953683589 3.14572517257906 3.14104979718373 3.13639336541795 3.13175583204781 3.12713715183741 3.1216445095734 3.11410122971387 3.10663187005354 3.09923625121136 3.0919141937985 3.08466551841836 3.07749004566656 3.06014451917309 3.03745842748215 3.01538212216982 2.99239085382937 2.96848686736912 2.94367240779366 2.91794972020361 2.89097128639909 2.86395483792897 2.83691243229465 2.80984413610083 2.78275001595492 2.75563013846719 2.72963800890828 2.7060809688455 2.68266086099336 2.65937734369371 2.63623007527406 2.61321871404751 -9999 -9999 -9999 -9999
3.14113205667938 3.13641783247989 3.13159870070494 3.13251174759135 3.13643050600119 3.14044549283694 -9999 -9999 -9999 -9999 3.15250276414838 3.14762616176545 3.14276854260796 3.13792986145431 3.13311007308093 3.12830913226226 3.12229001083275 3.11402372874497 3.10583134477826 3.09771267959263 3.0896675538403 3.08169578816571 3.07379720320557 3.0557590524524 3.03314911862896 3.01048884386096 2.98777835105611 2.96501776312744 2.94220720299321 2.91923073706049 -9999 -9999 -9999 -9999 -9999 -9999 -9999 -9999 -9999 -9999 -9999 -9999 -9999 -9999 -9999 -9999
3.1472234100302 3.14351539966599 3.13970251318091 -9999 -9999 -9999 -9999 -9999 -9999 -9999 -9999 3.14950815159908 3.14446831888678 3.1394474185548 3.13444540538993 3.12946223417696 3.12286072870104 3.1138715642825 3.10495627591561 3.0961146843014 3.08734661013312 3.07865187409626 3.07003029686854 3.05142439188812 3.02931073198644 3.00714674613624 2.98493255721711 -9999 -9999 -9999 -9999 -9999 -9999 -9999 -9999 -9999 -9999 -9999 -9999 -9999 -9999 -9999 -9999 -9999 -9999 -9999
3.15342157755515 -9999 -9999 -9999 -9999 -9999 -9999 -9999 -9999 -9999 -9999 -9999 -9999 3.14094604249954 3.13576183474562 3.13059646334296 3.12335668599565 3.11364475910684 3.10400668620893 3.09444228804396 3.08495138534623 3.07553379884221 3.06618934925068 3.04714052197711 -9999 -9999 -9999 -9999 -9999 -9999 -9999 -9999 -9999 -9999 -9999 -9999 -9999 -9999 -9999 -9999 -9999 -9999 -9999 -9999 -9999 -9999
3.15972652668429 3.15803044369484 -9999 -9999 -9999 -9999 -9999 -9999 -9999 -9999 -9999 -9999 -9999 -9999 3.13705936691644 3.13171182551942 3.12377790552479 3.1133433359892 3.10298259839243 3.09269551351753 3.08248190213979 3.07234158502673 3.06227438293813 -9999 -9999 -9999 -9999 -9999 -9999 -9999 -9999 -9999 -9999 -9999 -9999 -9999 -9999 -9999 -9999 -9999 -9999 -9999 -9999 -9999 -9999 -9999
-9999 3.16544785551365 3.16465270433546 -9999 -9999 -9999 -9999 -9999 -9999 -9999 -9999 -9999 -9999 -9999 -9999 -9999 3.12412441008755 3.11296731769166 3.1018840351912 3.0908743834102 3.07993818316495 -9999 -9999 -9999 -9999 -9999 -9999 -9999 -9999 -9999 -9999 -9999 -9999 -9999 -9999 -9999 -9999 -9999 -9999 -9999 -9999 -9999 -9999 -9999 -9999 -9999
