data/UserDefined/sediment.asc
NCOLS 400 
NROWS 400 
XLLCORNER 3976618.40818195 
YLLCORNER 3363922.87082193 
CELLSIZE 400 
NODATA_value -9999 
[rows 300 to 319 of 400, columns 92 to 137 of 400]
2.3105618359145 2.31198466935366 2.31338273417889 2.31475607724784 2.31610474542074 2.31742878556041 2.31797805561522 2.31822639534991 2.31845652633264 2.31866848319146 2.31886230055627 2.31903801305894 2.31900630149173 2.31728077620368 2.31549986684186 2.313663681463 2.31177232812968 2.30982591491036 2.30782454987935 2.30532281603992 2.30228469873737 2.29919635549251 2.29605788566614 2.29286938862437 2.28963096373867 2.28634271038586 2.28477280743371 2.28349408852219 2.28221106611381 2.28092374902074 2.27963214605563 2.27833626603161 2.27709426955909 2.2760300960334 2.27494562461321 2.27376061240041 2.27249183735727 2.27124606697146 2.27002325542012 2.26988650019392 2.27043946315085 2.27099907016136 2.27156530839744 2.27213816503035 2.27271762723076 2.27330368216851
2.30436967690226 2.30598056845043 2.30756669872861 2.30912811458377 2.31066486286537 2.31217699042553 2.31280860023847 2.31319592639807 2.31356504919571 2.31391600325146 2.31424882318738 2.3145635436273 2.31460197687166 2.31331017463551 2.31196300491743 2.31056057574939 2.3091029951692 2.30759037122053 2.30602281195294 2.30387671873303 2.30123741107255 2.29854789256337 2.29580826254349 2.29301862035624 2.2901790653503 2.2872896968797 2.28591367798809 2.28467035535532 2.28342273054186 2.28217081235786 2.28091460961396 2.27965413112121 2.27850162530514 2.27760283988536 2.27668376270602 2.27574443497521 2.27478489790319 2.27380519270242 2.2728053605875 2.27265230555243 2.27297128500913 2.27335212190293 2.27379469050609 2.27429886508431 2.2748645198967 2.27537638288762
2.29820209697467 2.30000101537473 2.30177517984588 2.30352463722433 2.30524943434888 2.3069496180609 2.30765716963251 2.30818345910668 2.30869155060674 2.30918147874488 2.30965327813517 2.31010698339356 2.31025345637467 2.30939530504173 2.30848180281214 2.30751305769314 2.30648917769773 2.30541027084488 2.30427644515934 2.30248145800406 2.30024089361702 2.29795013346893 2.29560927687498 2.29321842315575 2.29077767163713 2.28828712165036 2.28705901995606 2.28585108770628 2.28463885459145 2.28342232941971 2.28220152099965 2.28097643814033 2.27992969411791 2.27919626926366 2.27844255878235 2.27766860387262 2.27687444573529 2.27606012557333 2.27522568459193 2.27482460667306 2.27463919900959 2.2745156302006 2.27445377454723 2.27445350634403 2.27451469987898 2.27437301255086
2.29205908859136 2.29404600259579 2.29600817000955 2.29794563765809 2.29985845236944 2.30174666097429 2.30252375826659 2.30318898795209 2.30383602504926 2.30446490416234 2.30507565989746 2.30566832686264 2.30596072288815 2.30553615033197 2.30505624345792 2.30452111024841 2.30393085869176 2.30328559678214 2.30258543251957 2.30113701826465 2.29929513080292 2.29740306266179 2.29546091313372 2.2934687815165 2.29142676711325 2.28937707137301 2.28820883196783 2.28703628420708 2.28585943689641 2.28467829884193 2.2834928788502 2.28230318572829 2.28137846964656 2.28081037782595 2.28022200650837 2.279613396883 2.27898459014119 2.2783356274765 2.27766655008461 2.27693435463681 2.27624464385198 2.27561675334638 2.27505055744999 2.27454593048622 2.27410274677188 2.27330166035263
2.2859406442149 2.28811552258593 2.29026566170159 2.29239110837659 2.29449190942828 2.29656811167661 2.29740836061214 2.29821250741292 2.29899846700901 2.29976627399671 2.3005159629742 2.30124756854163 2.30172375930638 2.30173269342282 2.30168630979355 2.3015847163763 2.30142802113461 2.30121633203791 2.30094975706149 2.29984338393271 2.29840010706862 2.29690666460084 2.29536315579907 2.29376967993833 2.292126336299 2.29049597477904 2.28936311265414 2.2882259434903 2.28708447609114 2.28593871926073 2.28478868180366 2.28363437252493 2.2828479455428 2.28244515923246 2.2820220995528 2.28157880768356 2.28111532480663 2.28063169210613 2.28012795076828 2.27898156863066 2.27778763869735 2.27665551047538 2.27558505832354 2.27457615659407 2.27362867963263 2.27216234714421
2.27984675631101 2.28220956782045 2.2845476474069 2.28686104187443 2.28914979802961 2.29134971390611 2.29231097114289 2.29325401197 2.29417887097392 2.29508558274304 2.29597418186763 2.29684470293988 2.29754254853056 2.29798491723766 2.29837198476472 2.2987038590447 2.29898064801643 2.29920245962461 2.29936940181979 2.29860053943242 2.29755580685877 2.29646092375119 2.29531598935662 2.29412110292734 2.29287636372095 2.29161935138071 2.29052186064631 2.28942006418906 2.28831397081057 2.2872035893129 2.28608892849859 2.28496999717066 2.2843381154609 2.28410060714595 2.28384283158691 2.28356482995405 2.28326664341988 2.282948313159 2.28260988034824 2.28096626783394 2.2792682026991 2.27763192071501 2.27605729626932 2.27454420374307 2.27309251751076 2.27095509376846
2.27377741734838 2.27632813077766 2.27885411961348 2.28135543064914 2.2838321106806 2.2861314615408 2.28723158433477 2.28831349610637 2.28937723143416 2.2904228248986 2.29145031108211 2.29245972456889 2.29341707346868 2.29429280470678 2.29511325132391 2.29587852122838 2.29658872233425 2.29724396256151 2.29784434983598 2.29740846919423 2.2967622146243 2.29606582458423 2.29531939829823 2.29452303499582 2.29367683391188 2.29274719980807 2.2916850745762 2.29061864493705 2.28954791969021 2.28847290763574 2.28739361757415 2.28631005830642 2.28584897305766 2.28577671523172 2.28568419628449 2.28557145737682 2.28543853967173 2.28528548433445 2.28511233253231 2.2828884714182 2.28068635500284 2.27854600318499 2.2764672903811 2.27445009100105 2.27249427944816 2.26967992105986
2.2677326197988 2.27047120393895 2.27318507081231 2.27587426720143 2.27853883989156 2.28093122938736 2.28217019466587 2.28339095430724 2.28459354288209 2.28577799496294 2.28694434512428 2.28809262794244 2.28934731703572 2.29065633876731 2.29191009243055 2.29310868590895 2.29425222709193 2.2953408238747 2.2963745841584 2.29626715765488 2.29601931482238 2.29572135157759 2.29537336712198 2.29497546066235 2.29452773141082 2.29387951869172 2.29285275307621 2.29182168436848 2.2907863213661 2.28974667286711 2.28870274766999 2.28765455457373 2.28738051199247 2.28747347715766 2.28754618732193 2.2875986836367 2.28763100725558 2.28764319933431 2.28751615394794 2.28474819854735 2.28204211474652 2.27939777699731 2.27681505974496 2.27429383742816 2.27183398447902 2.2683368498445
2.26171235613694 2.2646387797887 2.26754049349737 2.27041754403484 2.27326997817571 2.27574901191899 2.27712679661662 2.27848638106015 2.27982779981232 2.28115108743773 2.28245627850296 2.28374340757644 2.28533326215343 2.2870755023633 2.28876249105085 2.29039433607488 2.29197114530013 2.2934930265971 2.29496008784221 2.29517658925732 2.29532709191642 2.29542748921514 2.29547788033221 2.2954783644517 2.29542904076301 2.29501630666278 2.2940248947793 2.29302918111814 2.29202917447484 2.29102488364542 2.29001631742637 2.28900348461462 2.28893272592726 2.28919088659417 2.28942879837812 2.28964650242111 2.28984403986729 2.29002145186298 2.28981728872702 2.2865454683775 2.28333550106038 2.2801872612563 2.2771006234393 2.27407546207686 2.2711116516299 2.26692590094008
2.25566917188308 2.25883085081429 2.26192038016567 2.26498525365608 2.2680255180493 2.27058480361121 2.27210138466957 2.27359977085477 2.27507999672162 2.2765420968269 2.2779861057292 2.27941205798905 2.28137489175049 2.28355027844561 2.28567043015789 2.2877354547215 2.28974545997642 2.2917005537685 2.29353777706035 2.29413674845079 2.29468553037611 2.295184221987 2.29563292243948 2.29603173089489 2.29638074651991 2.29615756235296 2.29520149831899 2.29424113382135 2.29327647765357 2.29230753860964 2.29133432548403 2.29035684707169 2.29050560852648 2.29092893721421 2.29133202313453 2.29171490741999 2.29207763120531 2.29242023562739 2.29205590151961 2.28828030005709 2.28456653306695 2.28091447505858 2.27732400053483 2.27379498399196 2.27032729991966 2.2654470951559
2.24677899958551 2.25005583320838 2.25333634929252 2.25662053926731 2.25990839456181 2.2625773857187 2.26422674711846 2.2659115812318 2.26763181752202 2.26938738544888 2.27117821446808 2.27300423403147 2.27573047539206 2.27873526221671 2.28171196491283 2.28466063685153 2.28757515414511 2.2899633884354 2.29215045030183 2.29314761969081 2.29409461467738 2.29499153438953 2.29583847796057 2.29663554452914 2.29738283323919 2.29730328439451 2.29638256232934 2.29545754111398 2.29452822953997 2.29359463639926 2.29265677048433 2.29171464058808 2.29209915345719 2.29268762269331 2.29325585527514 2.2938038923258 2.2943317749706 2.29483954433699 2.29423201149235 2.28995271272686 2.28573522988105 2.2815794374931 2.2774852100946 2.27345242221059 2.26948094835954 2.26390045329293
2.23788431380469 2.24112661641706 2.24437260022905 2.24762225667225 2.25087557717744 2.25329281867315 2.25465874813764 2.25606013949659 2.25749692222953 2.25896902581223 2.26047637971651 2.26201891341058 2.2649398153583 2.26815891672056 2.27134994220743 2.27451294517793 2.27764797899401 2.28075509702056 2.28367458950118 2.28579317737806 2.28782834812544 2.28978026535097 2.29164909267135 2.29343499371182 2.29513813210649 2.29574842921983 2.29545080330168 2.29508113638072 2.29463957165152 2.29412625231639 2.2935413215852 2.29288492267546 2.29370316395447 2.29446693670951 2.29520028848649 2.29591345083359 2.29660646486668 2.29727937170379 2.29634563780414 2.29156272551984 2.28684161060985 2.2821821676411 2.27758427117396 2.27304779576221 2.26857261595312 2.26228599614372
2.22898511591322 2.23219289325902 2.23540435054352 2.23861947920002 2.24183827066143 2.24397149302615 2.24505403763136 2.24617203331615 2.24732540957625 2.24851409590356 2.24973802178608 2.25099711670795 2.25417669035477 2.25761007066056 2.26101538334091 2.26439268174264 2.26774201921555 2.27106344911225 2.27424725832785 2.27702300712654 2.27971536370227 2.28232449162524 2.28485055447465 2.28729371583826 2.28965413931274 2.29075530595954 2.29103283783091 2.29123835026803 2.29137198643267 2.29143388949433 2.29142420263008 2.2913430690246 2.29250333824187 2.29365958377213 2.29478712489129 2.29588601934362 2.29695632487641 2.29799809924004 2.29707984109961 2.29254737293202 2.28794347299432 2.28326828672443 2.27852195956789 2.27370463697784 2.26881646441502 2.26173255803016
2.22008140728304 2.22325466510451 2.22643160160411 2.22961220821721 2.2327964763787 2.23461342002494 2.23541262683226 2.23624727390866 2.23711729076591 2.23802260691213 2.23896315185131 2.23993885508399 2.24344109193628 2.24708871560251 2.25070827989007 2.25429983813355 2.25786344367055 2.26139914984137 2.26490368228206 2.26833648281664 2.27168591602497 2.27495214543981 2.27813533460288 2.28123564706446 2.28425324638387 2.28583480224923 2.28668739630913 2.28746799249483 2.28817673393531 2.28881376376727 2.28937922513497 2.28991563007299 2.29133251538346 2.29272064716119 2.29408008313419 2.29541088103347 2.29671309859311 2.29798679355024 2.2971074956234 2.29315924129031 2.28913957666506 2.28504864715224 2.28088659816407 2.27665357512031 2.2723497234484 2.26540493436944
2.21117318928552 2.21431193332312 2.21745435477886 2.22060044509006 2.22375019569346 2.22521861091233 2.22573452696872 2.22628587248791 2.2268725769978 2.22749457002264 2.2281517810826 2.2288441396942 2.23273301166122 2.2365948431158 2.24042862343523 2.24423440594194 2.24801224396112 2.2517621908211 2.25564383570087 2.25973357881912 2.26373997949792 2.2676632012327 2.27150340752771 2.27526076189585 2.27893542785895 2.28098689583876 2.28241445651573 2.28377004086998 2.2850537919978 2.28626585300305 2.28740636699726 2.28854196209861 2.29019068649249 2.29181066596982 2.29340195824537 2.29496462103693 2.29649871206535 2.29800428905455 2.29720761442749 2.29384347676017 2.29040795027016 2.28690118032874 2.28332331231477 2.27967449161472 2.27595486362264 2.26910772624902
2.20226046329158 2.20536469928402 2.20847261143508 2.21158419118405 2.21469942996972 2.21578707692653 2.21601974926443 2.21628784026304 2.2165912794666 2.21692999641527 2.21730392064552 2.21794834120716 2.22205244109126 2.2261284447731 2.23017640556004 2.23419637676229 2.23818841169299 2.24215256366802 2.24646769293155 2.25121426951482 2.2558775285357 2.26045763345223 2.26495474773119 2.26936903484809 2.27370065828732 2.276211564487 2.27821399623897 2.28014447321127 2.28200313846739 2.28379013507846 2.28550560612321 2.28719731774109 2.28907784268581 2.29092963132675 2.29275274136546 2.29454723050652 2.29631315645757 2.29805057692928 2.2973801753123 2.29460005717199 2.29174857167 2.28882586414427 2.28583207994037 2.28276736441142 2.27963186291817 2.27284092435466
2.1933432306715 2.1964129643557 2.19948637293951 2.20256344786423 2.20564418057051 2.20631882930121 2.20626830493852 2.20625318843888 2.20627340936256 2.20632889726589 2.20641958170137 2.20708114347949 2.21139937179149 2.21568951215046 2.21995161785153 2.2241857421927 2.22839193847491 2.23257026000201 2.23737522833178 2.24277852929507 2.24809853756329 2.25333541655698 2.25848932970556 2.2635604404471 2.26854891222859 2.27150878596163 2.27408599327609 2.27659126734539 2.27902475120028 2.28138658787914 2.28367692042795 2.28588168810894 2.28799397508379 2.29007753436426 2.29213242363864 2.29415870059833 2.29615642293774 2.29812564835432 2.29762515608714 2.2954289603651 2.29316141873389 2.29082267649818 2.28841287897017 2.28593217146974 2.2833806993243 2.27660451937591
2.18442149279508 2.18745672990617 2.19049564065845 2.19353821649499 2.19658444885868 2.19681387926557 2.19648020520573 2.19618192821557 2.1959189778714 2.19569128374557 2.19549877540686 2.1962414741265 2.2007737953304 2.20527803682725 2.20975425190005 2.21420249383447 2.21862281591942 2.22301527144641 2.22836641626949 2.23442633256148 2.24040298101585 2.24629652501582 2.25210712795326 2.25783495322899 2.26348016425253 2.26687853803939 2.27003042543322 2.27311040110794 2.27611860806155 2.27905518929966 2.28192028783553 2.28459506431425 2.28693907481044 2.2892543662182 2.29154099621266 2.29379902247198 2.29602850267737 2.29822949451308 2.29794253457028 2.29633016418772 2.29464646934004 2.29289159529858 2.29106568734232 2.28916889075779 2.28706475013754 2.28039850200606
2.17549525103148 2.17849599730287 2.18150041595744 2.18450849844035 2.18752023619622 2.18727223804434 2.18665546127634 2.18607407078887 2.18552799617427 2.1850171670211 2.18454151291426 2.18542932470906 2.19017570327991 2.19489401038643 2.19958429929937 2.20424662329243 2.20888103564205 2.21348758962781 2.21944123112285 2.22615765372587 2.23279083333891 2.23934093330775 2.24580811698706 2.25219254774018 2.25849438893917 2.26232079850591 2.26604727052546 2.26970185234345 2.27328468692515 2.27679591724345 2.28023568627883 2.2833374374727 2.28591313299327 2.28846011802801 2.29097845023882 2.29346818729067 2.29592938685156 2.29836210659252 2.29833228858889 2.29730364649698 2.29620370137552 2.29503259846259 2.29379048300386 2.29247750025261 2.29064182470153 2.28422286294218
2.16656450674937 2.1695307679127 2.17250070020168 2.17547429506353 2.17845154394482 2.17769391685765 2.17679408435598 2.17592962734991 2.17510047544796 2.17430655825484 2.17354780537133 2.17464468679147 2.17960508721519 2.18453742441405 2.18944175164671 2.19431812217455 2.19916658926198 2.20398720617628 2.21059964728045 2.21797246721035 2.22526206898817 2.23246861592227 2.23959227132996 2.24663319853723 2.25346257231713 2.25783554515571 2.2621365063768 2.26636559890537 2.27052296567399 2.27460874962283 2.27862309369965 2.28210879870349 2.2849161407634 2.28769478093666 2.29044477687199 2.29316618622115 2.29585906663893 2.29852347578316 2.29879439597907 2.29834938515892 2.29783309273634 2.29724566391612 2.2965872439107 2.29585797794003 2.29424930940308 2.28807759288499
