data/UserDefined/sediment.asc
NCOLS 400 
NROWS 400 
XLLCORNER 3976618.40818195 
YLLCORNER 3363922.87082193 
CELLSIZE 400 
NODATA_value -9999 
[rows 200 to 219 of 400, columns 92 to 137 of 400]
2.84535982405144 2.82837204597322 2.81140643029215 2.79446293240951 2.77754150772416 2.76064211163246 2.7431424898786 2.72559288360518 2.70813732316947 2.69077562334597 2.67350759889872 2.65633306458156 2.6403666470722 2.62787197530154 2.6155323134586 2.60334735437528 2.5913167908664 2.57944031572985 2.56771762174635 2.5618534721573 2.55876678866101 2.55579223208553 2.55292957598495 2.55017859390064 2.54753905936171 2.54534466794343 2.54587056776059 2.54655166010185 2.54738762966411 2.54837816112804 2.54952293915589 2.55082164839395 2.55605066533947 2.56449995647264 2.57302621135235 2.5816292680903 2.59030896479037 2.59906513954673 2.6078976304452 2.60998911590127 2.61164053254227 2.61215821709529 2.61109462670815 2.6099805033952 2.60881595077108 2.60623813070533
2.83406378994652 2.81689925946103 2.79975688444894 2.78263662032193 2.76553842248912 2.74846224635721 2.73023973855723 2.71195436247928 2.69376300339678 2.67566547612726 2.65766159547766 2.63975117624475 2.62318451379182 2.6094692759101 2.59590900046301 2.58250338035323 2.56925210846701 2.55615487767341 2.54321138082445 2.53690494506102 2.53291839140353 2.52904393008263 2.52528133470496 2.52163037886423 2.5180908361422 2.51511934473028 2.51439224907473 2.51382029813962 2.51340317669541 2.51314056949558 2.5130321612759 2.51307763675577 2.51786326264227 2.52566906745232 2.5335518118851 2.54151133408998 2.54954747220801 2.55766006437128 2.5656920352703 2.57010186072872 2.57420498488049 2.57800202464862 2.58149359698986 2.58468031889382 2.58756280738329 2.58817148891306
2.82274441487468 2.80540316167892 2.78808405703568 2.77078705636686 2.75351211509192 2.73625918862793 2.71724044729842 2.69821942523722 2.6792923913409 2.66045916046968 2.64171954747363 2.62307336719229 2.60584345850404 2.5909078600324 2.57612717652088 2.56150110094356 2.54702932625777 2.5327115454038 2.51854745130491 2.51184033477403 2.50695406255065 2.50217984809326 2.49751746506111 2.49296668710067 2.48852728784612 2.48473367412685 2.48275379416011 2.48092901112972 2.47925900987902 2.47774347523463 2.47638209200567 2.47517454498419 2.47959428453214 2.48675671152789 2.49399605403203 2.50131215023171 2.50870483830548 2.51617395642322 2.52366142278808 2.53052244960906 2.53707686782634 2.54332529422007 2.54926834560349 2.55490663882294 2.56024079075791 2.56245663275321
2.81140170605233 2.79388375983415 2.77638795525029 2.7589142477331 2.74146259271225 2.72399533467124 2.70414464597744 2.68438810171576 2.66472551679983 2.64515670613276 2.62568148460752 2.6062996671066 2.58834353039514 2.57218777679057 2.55618689069051 2.54034056514061 2.5246484931692 2.50911036778756 2.49372588199025 2.48665967721534 2.48087383797368 2.47520002194175 2.46963800283073 2.46418755433982 2.4588484501557 2.45418770575712 2.45095525257538 2.44787784856453 2.44495517864175 2.44218692770603 2.4395727806401 2.43711242230911 2.44124375623439 2.44776291389051 2.45435896295066 2.46103174163946 2.46778108817261 2.47460684075803 2.48193897224586 2.4912507871498 2.50025608611628 2.50895548578236 2.51734960281773 2.52543905392588 2.53322445584269 2.53691157570582
2.80003567069311 2.7823410611311 2.76466858628807 2.74701820160656 2.72938986252669 2.71153842275661 2.69095236445712 2.67046042173933 2.65006240955968 2.62975814286411 2.60954743658849 2.58943010565819 2.57068477863153 2.55330907528687 2.53608819201049 2.51902182191881 2.50210965811156 2.48535139367099 2.46874672166312 2.46136300828921 2.45467775353016 2.44810448743817 2.44164298377677 2.43529301629762 2.42905435873991 2.42348148922504 2.4189966738586 2.414666859917 2.41049173239039 2.406470976251 2.40260427645439 2.39889131793915 2.40281170296362 2.40868769972145 2.41464056378793 2.42067013342606 2.42677624688901 2.43295874242193 2.44052458816049 2.45228677799702 2.46374254452542 2.47489250423918 2.48573727366544 2.496277469364 2.50651370792803 2.51153626515131
2.78864631600766 2.77077507277122 2.75292595734108 2.73509892517016 2.71729393170891 2.69898493679939 2.6776636325885 2.65643641512035 2.63530309939421 2.61426350039893 2.59331743311321 2.5724647125053 2.55286725235942 2.534271804604 2.5158311294992 2.49754492023284 2.47941286997555 2.46143467188102 2.44364706301699 2.43595036388528 2.42836584506254 2.42089328037786 2.41353244364713 2.40628310867489 2.39914504925249 2.39261507411433 2.38687810752759 2.38129609463894 2.37586872051125 2.37059567018993 2.36547662870398 2.36051128106431 2.36429814992428 2.36953109419072 2.37484088168086 2.38022735069484 2.38569033952376 2.39122968645004 2.39941817508859 2.4136303268359 2.42753614786718 2.44113625453312 2.45443126321764 2.46742179033751 2.48010845234282 2.48633064849095
2.77723364920367 2.75918580195291 2.7411600755986 2.72315642560401 2.70517480742978 2.68633490667673 2.6642784802102 2.64231611165899 2.62044761606517 2.59867280846052 2.57699150386647 2.55540351729427 2.53489100070514 2.51507601380416 2.49541575215512 2.4759099090173 2.45655817763203 2.43736025122423 2.41901755710027 2.41042177987879 2.40193814839884 2.39356643654159 2.38530641817582 2.37715786715825 2.3691205573325 2.36158850998864 2.35459960308067 2.34776560216286 2.34108619237104 2.33456105882405 2.32818988662338 2.32197236085377 2.32570312231065 2.3302931224593 2.33495994175615 2.33970341853884 2.34452339113596 2.34941969786772 2.35861963762521 2.37528133838995 2.39163680099409 2.4076866416452 2.42343147658434 2.43887192208518 2.45400859445458 2.46129467314779
2.76579767748606 2.74757325587177 2.72937094824697 2.71119071008508 2.69303249685713 2.6735883622537 2.65079693714884 2.62809954114337 2.60549598932228 2.5829860967601 2.56056967852106 2.53824654965924 2.51675607277512 2.49572175192983 2.47484210895704 2.45411683718666 2.43354562993168 2.41312818048766 2.39427199609597 2.38477729213031 2.37539469935234 2.36612399169579 2.35696494308194 2.34791732741953 2.33898091860509 2.33040184639124 2.32216120999518 2.31407543190051 2.30614419731612 2.29836719143384 2.29074409942825 2.28327460645667 2.28702664530669 2.29097380967704 2.2949977691302 2.29909836204062 2.30327542677469 2.30752880169019 2.31812888040412 2.33723971742169 2.35604440879717 2.37454357059545 2.39273781891424 2.41062776988411 2.42821403966884 2.43642828656632
2.75433840805651 2.73593744172052 2.71755858246965 2.69920178578771 2.68086700715595 2.66074533338313 2.63721903321883 2.61378673334963 2.59044824890309 2.56720339499674 2.54405198673761 2.52099383922238 2.49846251765573 2.47620906800371 2.45411024886362 2.43216575363617 2.41037527570547 2.38873850843839 2.36941041589733 2.3590169364856 2.34873553372194 2.33856598159199 2.32850805406973 2.31856152511641 2.30872616868063 2.29905513284541 2.28956297772894 2.28022563324415 2.27104278467276 2.26201411727985 2.25313931631291 2.24504123979307 2.24826874408593 2.25157318098421 2.25495438890903 2.2584122062727 2.2619464714788 2.26555702292267 2.27794580809769 2.29950536873214 2.32075887620667 2.34170694644197 2.36235019539394 2.38268923904969 2.40272469343035 2.41173143621212
2.73921628392965 2.72117405988318 2.70316634636995 2.68519307346257 2.66725417123013 2.647022683037 2.6233579032686 2.59937771804151 2.57530442453308 2.55132473285743 2.52743845816455 2.50364541559393 2.48001038441329 2.45653801102822 2.43322022081336 2.41005670724057 2.38704716376466 2.3641912838237 2.34443285238244 2.33314074877616 2.32196068729184 2.31089244196763 2.29993578682979 2.2890904958918 2.27835634315486 2.26754841885431 2.25680495571918 2.2462162555654 2.23578200374739 2.22550188560297 2.21537558645284 2.20684453463496 2.20942944381189 2.21209126151039 2.21482982618897 2.21764497629708 2.22053655027649 2.22350438655969 2.23807032541744 2.26207819716153 2.28578010819011 2.30917667428199 2.33226851124918 2.35505623493647 2.37754046122168 2.38720406957226
2.71889854162861 2.70057866545803 2.6822932889933 2.66404234232359 2.64582575553394 2.62540210675899 2.60242531560958 2.57935798067348 2.55620027461457 2.53295237010639 2.50961443983216 2.4861866564848 2.4623799187836 2.43849374611402 2.41456299359511 2.39058774602104 2.36656808819081 2.34250410490798 2.32212608302999 2.30945992370299 2.29677500612066 2.28407136505902 2.27134903529632 2.25950427537402 2.2478714776092 2.23588175390072 2.22388719338375 2.21204734821621 2.20036190382603 2.18883054562368 2.17745295900287 2.16856634734793 2.17050876963786 2.17252807637509 2.17462410605535 2.17679669716634 2.17904568818631 2.1813709175856 2.19850233711337 2.22495810758805 2.2511080097553 2.27695265925093 2.302492671744 2.32772866293668 2.35217739677183 2.36284613415522
2.69854415537238 2.67994667370229 2.66138368091537 2.64285510711656 2.62436088240725 2.60387193108471 2.58158301278724 2.55920357789633 2.53673379903573 2.51417384883899 2.49152389994945 2.4687841250198 2.44530593141145 2.42175794238106 2.39816538679456 2.37452834942641 2.35084691505601 2.32712116846731 2.30774083658341 2.29521346149334 2.28266733362002 2.27010248773143 2.25751895859765 2.24491678099059 2.23229598968416 2.21991649552463 2.20743733285769 2.19478588301085 2.1819624883159 2.16896749112343 2.15580123380257 2.14555628495629 2.14492668152484 2.14430351999137 2.14368678673606 2.14307646813836 2.14247255057703 2.14187502043007 2.1595832803611 2.18814500492908 2.21674248594748 2.24503480652268 2.27302258218096 2.30070642848178 2.32662726721211 2.33865757749063
2.67815313647638 2.65927809591703 2.64043753342216 2.62163137911308 2.60285956310728 2.58243212803824 2.56083096686164 2.53913931627406 2.51735734885923 2.49548523721055 2.47352315393153 2.45144122119319 2.4282759968638 2.40506613451606 2.38181171890024 2.358512834771 2.33516956688804 2.31178200001591 2.29337353438464 2.28098492014228 2.2685775585865 2.25615148447729 2.24370673257663 2.23124333764837 2.2187613344584 2.20762113444515 2.19650426739094 2.18521516537178 2.17375417064033 2.16212162546772 2.15031787214376 2.14180776086532 2.14112400626488 2.14044669153802 2.13977580306807 2.13911132723768 2.13845325042873 2.1378015590224 2.1563411094382 2.18204017679658 2.20788449914827 2.2338737801802 2.2600077235637 2.28628603295387 2.31032641839077 2.32181795754853
2.65772549625143 2.6385729433982 2.61945485779543 2.60037116958046 2.58132180888687 2.56108266965467 2.54016914990408 2.51916516791393 2.49807089622813 2.47688650740025 2.45561217399357 2.43411726939093 2.41129010150314 2.38841830889927 2.36550197630986 2.34254118847012 2.31953603012023 2.29648658600465 2.27902417087119 2.26677429409447 2.25450567547209 2.24221834975588 2.22991235169987 2.21758771605974 2.20524447759334 2.19549992147909 2.18574512073633 2.17581813722303 2.16571931311232 2.15544899059607 2.14500751188477 2.13805237512055 2.13731447846535 2.13658301966013 2.13585798509142 2.13513936114499 2.13442713420588 2.13372129065845 2.15295076144392 2.17747037205087 2.20213519336699 2.22694492914805 2.25189928313389 2.27699795904865 2.29909586668243 2.31017142990861
2.63726124600346 2.61783122743771 2.59843566531247 2.57907448978131 2.5597476309941 2.5398235279807 2.51959753399702 2.49928110493454 2.47887441329714 2.45837763159854 2.43779093236186 2.41683740005941 2.39434823169731 2.37181445191615 2.34923614542681 2.32661339694505 2.30394629119111 2.28123491289003 2.26469274048282 2.25258157779701 2.240451678731 2.22830307802873 2.21613581043604 2.20394991070068 2.19177329373578 2.18355280274705 2.17515983908599 2.16659474482785 2.15785786206648 2.14894953291444 2.13987009950295 2.13429012984114 2.13349810024254 2.13271250647117 2.13193333491669 2.13116057196804 2.13039420401342 2.12963421744034 2.14941228221681 2.17275263474783 2.19623815372157 2.21986854296249 2.24364350627921 2.26756274746458 2.2878135021773 2.2984731595701
2.61676039703397 2.59705295932237 2.57737996724572 2.55774135097382 2.53813704067257 2.51865467507419 2.49911609123434 2.47948709946551 2.45976787223196 2.43995858200706 2.42005940127446 2.39960159955427 2.37745037381968 2.35525454995781 2.33301421266001 2.3107294466221 2.28840033654492 2.26602696713381 2.25037923766141 2.23840676569894 2.22641556281971 2.21440566375964 2.20237710325633 2.19032991604957 2.17863865968899 2.17177972439148 2.16474836865359 2.15754493447125 2.1501697638592 2.14262319885061 2.13490558149739 2.13052102714532 2.1296748737119 2.12883515408374 2.12800185465367 2.12717496181379 2.12635446195548 2.12554034146933 2.14572571757676 2.16788701064552 2.19019342590818 2.21264466725799 2.23524043857219 2.25798044371234 2.27647934089323 2.28672316252938
2.59622296063996 2.57623815033464 2.55628777486312 2.53637176441136 2.51649004916138 2.4975760830047 2.4787247937213 2.45978312364824 2.44075124520962 2.42162933083902 2.40241755297996 2.38240985423688 2.36059651424928 2.33873858942098 2.31683616442361 2.29488932393334 2.27289815263142 2.25086273520347 2.23608365685118 2.22424985225183 2.212397322197 2.20052610141448 2.18863622463385 2.17672772658695 2.16567824124932 2.16018063257662 2.15451065567471 2.14866865246024 2.14265496486869 2.13646993485405 2.13011390438898 2.12674506915054 2.12584480098801 2.12495096460959 2.12406354641127 2.12318253278834 2.12230791013525 2.12143966484581 2.14189111332509 2.16287354548339 2.18400105560452 2.20527334765027 2.22669012556667 2.24825109328391 2.26509339884175 2.27492145477602
2.57564894811361 2.55538681175238 2.53515909942807 2.51496574134289 2.49480666769482 2.47658772385262 2.45842361357448 2.44016914963502 2.42182450441843 2.4033898503185 2.38486535973881 2.36526215047391 2.34378663937065 2.32226655670786 2.30070198713745 2.27909301531628 2.25743972590573 2.23574220357198 2.2218059924986 2.21011083190945 2.19839695132387 2.18666438546156 2.17491316904428 2.16314333679554 2.15289198453185 2.14875547348879 2.14444664640683 2.13996584512346 2.13531341149496 2.13048968739603 2.1254950147202 2.12296225797336 2.12200788418459 2.12105994015961 2.12011841229757 2.11918328699686 2.11825455065512 2.11825007520953 2.13790851524443 2.15771228498236 2.17766108846957 2.19775462973665 2.21799261279813 2.23837474165296 2.25365569202786 2.26306805229326
2.55503837074285 2.53449895484889 2.5139939521995 2.49352329301278 2.47308690750285 2.4556895697098 2.43821252292157 2.42064514958956 2.40298762205821 2.38524011268126 2.36740279382246 2.34815847463786 2.32702073557374 2.30583843822593 2.28461166722703 2.2633405072139 2.24202504282867 2.22066535871756 2.20754623905244 2.19598969912769 2.18441444466344 2.17282051037142 2.16120793096519 2.14957674116033 2.14027983567321 2.13750419333587 2.13455628712915 2.1314364588114 2.12814505015965 2.12468240296956 2.12104885905534 2.11917259572947 2.1181641254145 2.11716208284384 2.11616645441971 2.11517722654373 2.11419438561667 2.11529794879169 2.1337779690989 2.15240327484467 2.17117357014394 2.1900885590958 2.20914794578355 2.22835143427461 2.24216623645002 2.25116297105766
2.53439123981068 2.5135745908929 2.49279234443146 2.47204443066062 2.45158121972608 2.43488159267978 2.41809149390183 2.40121109568709 2.38424057033977 2.36718009017399 2.35002982751348 2.33109881310647 2.31029878925407 2.28945422038862 2.26856519112312 2.24763178607489 2.22665408986624 2.2056321871242 2.19330439096353 2.18188644836473 2.17044979668126 2.15899447061671 2.14752050487664 2.13602793416863 2.12784174083224 2.1264267383478 2.12483952414276 2.12308043989631 2.12114982730635 2.11904802808935 2.11677538398036 2.11537608453368 2.11431352678976 2.11325739477142 2.11220767488409 2.11116435353247 2.11012741712051 2.11219772170561 2.12949952063397 2.14694656075414 2.16453854624957 2.18227518128804 2.20015617002134 2.21818121658557 2.23062504810024 2.23920622703956
